71
40
28
25
44
87
57
35
139
86
18
17
36
81
38
61
44
47
101
24
33
9
24
28
89
9
24
41
11
123
9
8
18
16
31
24
19
59
36
90
81
59
25
68
118
13
33
258
19
42
93
25
83
80
15
32
147
168
33
29
106
29
133
31
36
111
41
18
15
6
33
34
47
79
39
33
40
115
76
55
29
133
42
127
37
97
51
39
64
18
15
18
81
43
47
48
11
80
10
53
36
11
88
7
10
30
8
18
33
45
100
44
24
101
31
23
30
131
42
108
105
59
85
73
34
188
18
77
25
93
41
43
226
110
81
28
33
454
86
37
78
39
64
87
24
18
16
26
133
34
29
6
119
26
94
25
19
74
19
109
73
42
32
65
44
42
39
21
8
8
9
118
29
60
15
32
57
182
11
90
32
99
108
18
22
42
28
63
26
24
27
79
28
27
42
256
50
33
88
47
35
26
12
60
57
26
32
38
55
73
21
103
15
133
17
40
48
29
53
68
107
20
29
49
188
30
42
81
86
22
46
97
10
9
85
174
8
7
338
24
27
49
60
78
56
24
39
87
104
42
118
12
12
61
42
133
9
22
2
17
39
12
14
23
200
26
52
44
82
65
182
92
21
21
23
21
23
21
21
25
11
11
23
15
79
12
23
22
182
63
24
153
84
15
65
109
110
45
50
31
18
29
8
51
48
57
27
163
182
70
59
139
38
195
96
10
28
88
203
31
86
13
19
24
21
13
19
43
81
10
34
84
89
29
47
140
9
25
28
12
93
71
17
57
30
42
9
44
94
27
54
114
72
61
21
28
46
313
34
33
16
159
49
70
173
104
229
24
30
83
80
39
46
41
16
53
16
12
13
50
88
82
30
66
31
278
140
14
81
79
69
26
18
15
54
54
13
59
72
85
22
141
19
55
110
16
36
29
49
91
14
9
14
25
42
54
33
61
279
110
25
42
100
11
62
59
27
12
52
173
28
47
5
75
38
33
21
108
28
55
46
45
95
84
21
111
27
184
33
35
117
17
37
51
24
32
16
38
15
57
169
7
239
26
31
32
43
5
70
58
40
28
24
140
6
15
27
15
59
13
43
27
127
28
39
82
97
32
33
50
34
59
36
19
59
54
36
21
22
154
6
14
29
15
134
16
18
70
60
9
35
22
24
26
42
98
19
98
13
31
283
69
34
37
11
89
41
9
32
34
11
69
115
29
39
8
81
65
17
23
16
81
60
39
38
78
102
148
18
27
13
32
67
69
20
16
57
102
69
42
245
15
15
62
135
66
27
54
172
126
40
19
48
48
12
22
15
70
7
22
10
59
119
78
24
97
82
23
42
70
67
23
19
25
56
124
36
63
46
52
5
59
26
71
93
79
13
51
36
41
41
8
16
66
44
79
13
47
16
36
29
24
18
179
31
124
62
26
159
87
45
7
63
20
36
124
8
30
33
91
106
27
35
8
225
14
120
143
60
28
170
201
35
25
40
18
103
90
124
32
29
30
68
32
17
17
43
111
25
147
70
43
29
41
42
122
79
23
25
24
150
13
57
36
44
11
101
94
10
10
16
21
15
81
11
53
35
12
30
154
81
21
77
32
109
31
55
47
14
28
55
76
12
83
46
11
32
5
9
230
154
13
30
113
9
19
16
9
59
8
122
69
27
56
61
141
57
102
20
6
70
30
118
11
30
167
53
67
50
37
87
77
15
15
92
56
16
31
41
31
32
155
11
6
131
36
42
216
6
38
16
56
21
28
59
56
111
119
26
135
21
75
29
109
28
42
68
56
76
40
54
24
147
26
59
26
42
51
23
122
19
14
59
84
10
35
42
69
11
77
6
28
20
11
25
28
63
39
145
10
10
22
15
16
22
64
8
16
28
86
26
97
99
10
81
10
38
144
60
132
30
25
25
42
72
13
35
37
73
32
74
6
27
8
120
33
96
25
53
19
76
30
37
39
94
90
13
74
39
95
19
104
59
46
112
49
21
27
31
35
32
97
30
18
16
31
17
99
14
41
37
19
83
25
31
32
63
133
45
80
54
42
122
23
148
163
65
59
44
228
19
29
44
234
39
69
57
75
24
20
28
117
30
25
63
70
25
27
19
75
77
106
99
49
80
78
26
20
25
101
29
15
42
81
18
57
70
44
17
18
9
26
72
31
264
42
124
31
29
27
105
81
29
42
43
66
67
12
271
32
81
68
82
16
24
42
202
40
59
16
26
31
44
101
85
38
44
45
9
31
73
74
99
8
23
52
19
17
78
175
69
46
37
120
12
12
95
42
54
33
61
279
50
25
42
88
110
1
37
20
28
37
87
19
30
127
42
84
23
24
28
27
31
33
12
11
56
46
12
22
128
90
22
13
135
51
33
57
28
51
9
30
16
6
27
94
16
24
36
41
99
25
29
19
31
62
18
16
36
80
29
32
164
10
10
16
27
20
77
19
46
100
27
43
65
38
30
51
18
262
163
67
15
152
152
62
20
30
41
27
62
17
88
26
81
10
31
60
16
87
11
52
213
33
48
69
34
9
18
59
44
147
161
27
21
30
29
42
93
57
9
43
151
58
52
76
35
47
64
71
39
47
15
38
39
121
35
35
77
93
47
74
95
25
121
61
36
166
17
41
35
39
35
110
24
42
245
80
91
14
59
15
30
32
244
50
6
31
21
111
60
34
49
107
29
89
28
42
75
11
52
143
148
59
45
77
26
25
28
127
10
32
94
102
62
97
28
145
26
124
142
55
13
39
7
6
8
83
6
40
25
17
30
69
54
23
26
59
59
93
27
29
41
125
18
42
66
88
69
42
110
58
50
12
33
20
32
49
131
52
30
89
29
30
98
65
65
54
24
32
25
62
116
36
127
46
9
25
136
5
130
15
72
31
33
93
30
37
74
27
55
88
27
42
95
94
24
85
35
104
16
32
124
69
28
16
79
14
33
33
91
72
29
174
31
25
141
35
12
23
135
78
59
102
33
142
7
50
31
50
31
16
39
65
26
31
80
35
30
93
52
56
70
48
17
24
31
54
33
13
14
38
120
18
8
10
9
49
1
52
88
66
18
201
75
61
19
13
60
163
30
23
17
44
124
72
151
32
14
16
241
122
86
138
114
68
7
41
30
108
38
42
100
7
17
10
54
44
72
17
18
41
30
62
31
42
59
104
18
28
99
27
85
30
34
14
156
88
91
33
16
34
95
121
38
27
79
139
122
14
32
22
32
46
54
36
11
39
8
15
109
15
82
13
28
129
32
24
54
36
22
12
16
158
152
23
31
200
16
18
13
6
36
143
72
80
10
18
41
12
97
14
14
14
16
18
38
40
25
56
205
24
16
126
58
20
71
38
22
28
22
29
125
68
28
49
91
57
31
91
32
9
75
88
130
77
102
26
37
7
6
8
91
55
99
68
57
71
29
21
42
88
20
38
37
22
44
9
38
39
28
52
8
9
17
77
18
37
21
53
57
36
13
139
8
31
17
16
21
33
74
13
44
55
57
70
54
24
130
25
13
27
102
45
31
140
17
41
110
29
42
77
85
42
41
49
129
72
54
39
51
28
142
42
143
47
198
40
274
27
127
33
122
152
6
149
30
30
18
56
191
37
85
13
6
36
148
92
13
34
71
27
40
1
52
28
42
120
77
71
68
32
131
32
64
83
31
31
165
23
188
33
77
16
34
41
44
13
46
41
113
10
10
22
22
15
14
64
8
26
127
78
18
41
19
129
37
171
32
69
179
34
27
149
30
42
65
108
13
54
7
14
63
15
70
18
102
57
83
27
18
7
6
8
290
36
270
103
72
10
15
16
24
51
64
18
21
28
16
142
17
27
127
88
47
44
11
20
87
22
63
16
35
73
111
35
118
14
11
24
15
36
41
122
9
34
14
88
145
100
102
81
71
33
72
48
10
18
66
138
26
79
97
57
43
41
51
51
24
16
82
90
50
37
49
109
82
52
26
42
136
5
111
37
24
128
58
33
37
614
67
31
107
16
53
31
53
37
27
24
79
79
99
31
31
89
62
11
37
62
70
51
39
24
93
122
43
9
15
32
127
121
49
52
24
32
194
8
11
17
33
62
66
111
105
46
16
78
24
65
33
226
31
89
34
42
136
82
125
159
76
79
7
11
35
52
51
17
42
73
22
28
69
40
37
75
52
107
65
55
63
35
57
48
36
21
14
25
30
35
117
58
15
21
191
9
55
35
35
10
124
30
18
212
42
117
126
94
12
26
125
49
35
44
67
9
19
38
28
21
114
13
57
46
37
51
55
36
85
209
61
97
31
32
130
68
13
112
54
33
28
223
52
45
86
35
28
50
44
16
13
86
20
47
11
36
128
22
32
152
24
70
48
89
91
37
43
170
59
87
70
55
189
15
71
26
68
27
21
114
42
173
69
84
31
34
77
9
70
37
236
19
25
32
131
24
211
30
137
26
74
10
17
81
27
168
33
168
27
67
29
245
74
61
9
40
26
21
41
37
103
33
86
27
27
9
26
42
35
61
8
32
12
49
375
35
68
73
31
17
102
18
33
42
62
68
11
53
9
24
21
33
16
36
55
37
72
22
12
103
116
63
12
18
72
12
37
94
17
9
37
16
27
133
67
38
37
138
88
75
60
26
91
10
19
41
59
132
98
32
145
67
50
5
47
27
50
122
15
10
67
121
93
19
59
46
44
37
13
25
113
19
84
13
29
51
5
98
75
27
44
58
124
43
136
26
55
37
46
101
30
34
97
33
9
52
24
81
126
172
17
32
31
78
14
56
33
284
122
124
31
95
61
122
83
21
31
147
25
19
21
48
115
15
9
9
28
28
22
29
63
111
65
50
29
25
29
121
25
49
111
60
47
65
47
10
29
23
24
47
48
27
69
42
181
64
113
32
49
128
28
17
36
71
66
27
75
49
37
14
34
21
10
24
71
5
67
91
89
27
58
194
51
14
33
129
14
11
64
76
36
86
24
73
29
48
29
114
28
28
42
84
61
26
138
25
9
104
30
83
16
34
105
58
22
48
35
58
23
30
17
101
24
20
41
127
70
30
14
29
28
163
47
61
14
40
30
34
118
49
52
46
19
33
101
24
89
40
36
72
46
93
10
10
15
15
33
64
85
41
42
75
48
179
7
21
27
77
13
33
150
12
12
38
31
86
16
21
36
35
147
36
109
11
51
45
10
15
22
76
38
58
279
42
10
73
11
111
181
120
42
191
20
15
39
53
31
56
68
39
83
118
34
32
90
127
84
21
67
38
32
48
173
81
109
96
67
19
82
85
24
28
46
120
32
122
13
34
87
33
136
124
75
60
56
60
54
19
17
38
90
135
57
36
101
191
32
143
37
47
32
63
10
75
379
41
36
58
7
50
21
27
22
40
9
62
43
50
142
66
12
27
30
47
12
44
104
24
31
30
93
27
45
61
52
20
29
13
11
22
142
63
24
115
22
22
12
57
51
131
80
44
53
15
71
70
50
43
94
117
15
38
62
79
45
97
55
66
21
33
45
105
90
43
21
18
6
77
97
24
14
132
55
69
164
28
32
177
59
54
9
30
17
42
19
12
304
22
33
47
26
87
58
27
42
15
25
41
56
22
133
33
35
11
146
52
58
64
42
91
59
15
32
104
134
32
203
184
18
118
34
23
13
14
34
17
44
7
41
22
8
49
69
16
43
27
29
15
41
44
11
12
114
282
99
35
56
61
30
57
49
44
12
15
10
9
9
24
11
57
121
57
431
34
67
42
32
18
87
51
17
21
28
140
117
30
46
32
8
106
35
12
58
207
42
115
9
157
16
52
48
57
133
35
32
90
86
29
29
25
57
54
40
37
12
14
72
93
10
54
67
73
65
136
81
4
34
13
65
155
40
77
24
37
193
72
41
41
26
37
35
203
26
23
11
59
101
39
34
75
118
37
83
66
11
29
98
23
34
20
25
41
56
10
27
9
35
24
112
43
82
181
90
22
44
327
167
21
182
153
47
31
36
119
52
11
36
36
51
36
16
42
53
104
18
18
42
43
33
170
93
34
56
154
32
26
109
16
67
49
125
37
98
18
57
80
48
52
38
127
90
77
38
63
27
31
73
41
32
27
36
32
61
20
13
162
15
32
91
44
14
23
14
9
48
72
110
24
33
49
36
89
11
113
257
31
469
34
7
9
31
34
60
324
175
13
26
19
9
18
7
8
259
146
41
33
64
37
190
602
15
20
11
14
9
55
34
21
20
65
56
73
85
151
19
51
75
117
115
29
37
9
125
185
53
195
60
14
139
92
23
10
264
139
260
68
146
54
328
192
99
88
110
92
60
12
19
12
44
74
421
7
9
9
21
51
134
24
14
7
20
13
24
15
7
34
11
7
29
7
33
59
306
12
31
28
121
232
41
168
52
22
48
47
8
9
29
25
59
707
35
71
483
169
40
33
81
61
54
64
78
31
338
26
39
75
121
15
11
17
72
12
64
23
11
58
41
4
125
35
19
27
40
96
59
60
105
6
53
142
10
172
39
73
118
87
20
13
11
6
24
94
52
24
48
22
115
23
10
80
61
53
31
19
39
20
5
13
77
34
45
47
11
39
23
59
25
135
80
34
15
16
30
31
152
15
84
14
60
42
124
310
147
94
22
10
110
39
335
15
36
38
13
22
43
19
34
259
97
16
21
17
14
17
32
135
34
28
22
10
265
64
182
41
146
175
317
96
18
59
67
22
11
54
31
75
35
51
28
5
234
6
14
31
69
42
33
13
93
120
52
41
19
7
55
13
36
46
15
175
317
95
93
320
118
79
27
44
74
27
59
23
52
35
15
61
26
101
46
21
40
8
162
79
82
82
71
20
18
23
59
34
53
111
66
133
56
106
63
30
51
53
49
29
114
17
16
43
30
26
12
2
55
24
38
26
17
8
98
68
126
45
192
44
27
212
110
40
102
15
58
62
123
90
320
20
26
10
70
37
68
48
30
62
127
11
19
12
37
11
42
51
53
48
29
46
66
17
16
40
30
28
12
2
62
23
24
17
8
75
33
26
31
19
31
18
108
52
30
13
31
20
19
35
29
69
63
23
82
65
39
16
30
33
65
21
49
15
96
59
60
141
173
39
66
81
23
48
145
34
17
21
34
9
46
43
89
60
56
145
28
13
66
32
42
12
38
63
66
26
36
36
57
37
10
46
6
8
161
225
38
48
84
48
48
115
59
53
40
14
23
16
30
55
94
31
58
12
79
22
57
207
72
8
87
22
23
229
11
67
35
31
99
77
11
37
116
66
28
21
32
109
120
30
41
29
25
8
159
61
28
40
6
8
71
21
30
51
53
62
26
16
29
25
35
123
14
22
25
22
33
49
55
29
154
32
179
20
40
73
31
25
21
82
113
40
131
54
54
36
10
94
40
22
65
50
33
69
95
98
27
143
149
76
41
56
134
83
31
49
50
130
126
55
129
62
174
64
61
17
44
91
53
59
17
60
14
44
41
38
49
37
37
9
27
32
165
23
52
100
157
48
93
24
12
52
47
14
262
111
45
225
63
122
42
76
28
7
31
49
11
156
97
43
90
10
12
62
29
103
59
44
70
13
106
55
24
40
16
29
50
37
45
56
15
20
65
38
11
49
31
95
78
7
44
106
33
25
118
47
165
127
92
30
28
99
122
78
30
42
73
57
31
28
33
131
66
40
19
77
5
45
31
49
76
15
14
53
43
52
54
32
17
81
27
41
52
29
56
163
55
28
78
72
35
12
28
10
91
38
30
16
15
19
30
33
108
65
128
16
35
79
42
66
66
85
35
50
77
12
22
22
20
88
13
44
42
38
95
7
16
44
72
36
16
34
53
120
9
271
30
70
60
49
115
9
17
105
86
30
49
172
100
29
68
55
42
74
15
93
24
16
9
10
48
20
44
6
34
31
129
51
61
30
10
41
35
38
25
30
141
27
28
27
6
23
72
80
87
40
29
201
33
30
26
65
37
47
157
49
23
71
59
44
37
35
36
71
35
37
54
49
108
50
25
38
224
27
37
303
127
155
26
61
21
27
76
459
76
42
41
21
18
79
12
13
109
36
74
30
93
34
59
82
144
58
16
37
41
24
11
46
14
74
39
24
45
34
49
59
15
33
27
13
8
84
13
143
46
16
24
35
80
48
53
38
117
16
18
98
128
55
31
57
171
59
90
47
15
103
37
58
92
50
53
69
48
73
13
55
65
54
98
77
42
9
85
45
176
15
20
79
166
28
12
41
114
111
131
19
88
32
44
61
45
75
81
25
59
167
15
20
41
32
1
267
134
49
84
127
39
76
33
73
50
32
34
234
108
61
39
46
42
13
16
40
20
17
133
36
53
30
20
48
19
34
24
32
103
162
117
82
25
8
157
56
25
16
7
55
98
111
24
53
31
47
69
84
16
18
10
118
41
44
96
108
48
266
43
107
152
29
86
64
34
29
82
106
30
77
45
139
65
39
25
17
63
23
20
21
39
109
35
25
129
33
30
28
52
93
42
29
24
30
186
43
47
108
41
95
28
56
30
30
254
36
93
62
33
30
11
47
14
86
13
29
20
25
19
31
29
42
74
54
78
8
33
38
20
21
14
77
38
252
61
23
10
24
91
62
14
76
198
28
107
126
83
19
11
29
74
16
38
16
13
87
27
65
103
44
139
51
17
23
30
47
32
9
30
8
52
48
62
18
52
91
44
204
83
55
66
40
29
51
56
9
38
22
57
56
87
109
35
74
62
77
12
23
24
84
144
46
25
57
67
28
15
9
39
147
57
114
14
22
21
45
24
36
57
89
15
36
64
34
156
54
19
8
71
36
29
45
104
40
41
115
18
8
21
59
38
12
26
114
67
56
147
118
67
73
80
78
9
25
112
26
26
11
89
87
6
141
38
153
78
19
191
10
10
37
80
51
92
22
42
84
55
9
21
21
120
7
74
149
61
44
36
189
58
158
45
127
22
24
54
49
107
50
46
52
83
30
16
16
23
14
57
203
39
33
146
79
131
19
52
15
32
104
107
35
55
35
101
36
19
38
199
14
41
10
110
13
63
34
38
18
11
25
38
18
8
33
12
30
41
64
30
40
37
43
68
12
23
36
205
60
113
80
29
27
134
61
35
72
23
32
116
27
12
31
25
8
63
60
84
15
23
8
108
97
122
14
33
110
64
9
16
41
94
8
227
36
44
38
9
34
44
27
84
60
25
29
80
46
13
24
34
93
23
29
6
46
7
101
36
77
13
202
80
45
94
56
44
93
93
10
249
46
37
61
17
46
66
88
19
68
15
29
99
60
58
23
46
6
8
49
114
57
67
21
109
100
29
15
98
11
39
15
52
91
25
12
79
13
58
41
25
43
14
66
103
7
43
30
57
57
11
172
79
54
26
22
180
11
20
57
60
23
107
35
108
120
108
64
49
109
110
46
14
61
78
36
172
14
51
61
31
12
84
141
28
112
87
52
79
15
57
147
138
65
103
42
69
34
40
114
83
13
75
61
38
67
161
96
111
39
23
101
47
55
116
16
57
44
91
19
20
19
32
7
35
44
38
23
42
10
27
49
11
57
86
22
64
139
77
62
31
119
23
17
14
11
11
35
32
34
15
78
32
30
38
70
14
9
4
76
63
19
52
50
40
37
40
35
39
27
29
15
45
26
133
25
134
9
64
31
14
54
93
34
20
14
57
12
61
67
6
8
251
45
80
31
32
47
102
27
9
26
13
49
34
44
76
96
131
68
30
78
40
67
73
65
132
27
58
6
24
88
42
59
37
4
52
13
34
200
57
49
11
113
41
27
54
12
98
43
12
12
43
162
53
48
44
59
49
94
17
31
108
31
132
52
46
38
10
157
32
132
60
36
24
10
29
237
15
31
100
26
19
46
11
30
153
15
54
135
126
25
45
107
10
47
14
65
11
46
27
26
44
17
57
97
53
216
26
33
33
52
15
30
38
59
99
48
45
17
11
8
37
34
47
64
67
50
41
24
50
30
61
23
94
158
57
203
30
8
175
32
116
48
57
98
51
77
31
27
13
272
57
81
83
31
79
66
25
70
39
90
121
30
58
122
27
55
34
64
37
92
106
107
13
26
11
68
35
64
53
15
32
189
86
33
46
45
63
13
42
16
70
97
14
50
32
42
44
21
18
6
115
55
62
166
7
33
13
32
82
52
18
57
41
31
20
62
12
79
144
23
70
44
87
55
75
29
21
33
113
102
29
105
40
62
101
48
44
36
41
130
38
50
16
27
56
10
47
14
107
19
14
62
118
102
26
15
52
89
10
27
13
59
203
23
32
104
24
28
25
94
12
35
86
15
117
27
96
32
68
21
30
125
43
164
71
33
113
10
9
73
45
31
21
14
17
5
5
5
17
127
111
36
28
34
341
35
86
62
62
49
83
68
23
115
36
11
56
62
74
112
76
40
14
18
33
11
34
85
28
167
49
11
19
92
98
118
55
35
10
158
94
10
120
60
9
23
15
10
9
190
71
23
22
60
44
17
44
147
179
75
39
38
68
76
11
88
38
42
30
19
9
40
64
75
13
16
23
80
182
57
78
100
33
63
10
42
12
30
11
22
88
20
29
42
5
100
9
69
40
26
37
20
86
24
37
26
21
52
31
9
29
14
26
25
16
40
20
209
14
98
102
22
12
29
59
24
36
43
35
128
47
24
36
9
41
27
56
40
83
47
20
40
16
7
34
21
100
39
103
40
41
12
53
56
29
46
29
12
37
33
44
57
21
159
57
9
8
60
8
13
41
79
18
29
30
7
32
42
44
48
24
16
51
8
6
45
60
23
29
20
17
25
130
98
79
51
30
6
28
81
76
38
9
13
18
20
26
28
15
20
19
12
22
28
14
16
51
22
9
48
135
6
4
31
10
63
43
28
110
44
14
78
24
31
42
61
32
33
67
13
33
28
44
17
35
32
32
34
16
90
62
16
184
113
40
28
57
76
89
107
53
33
45
38
127
54
30
35
29
64
47
42
60
17
19
38
126
43
75
28
36
23
20
36
53
25
60
127
10
32
79
40
33
43
28
14
10
42
32
23
8
4
83
7
95
21
22
29
42
28
15
4
53
6
20
5
36
13
30
64
114
40
10
14
7
70
43
110
89
20
12
23
31
22
29
120
17
42
27
29
37
113
12
34
10
24
25
18
39
12
13
144
39
47
17
7
89
20
52
35
17
48
13
41
80
40
67
51
16
39
45
45
51
153
17
56
43
55
27
16
28
61
15
22
31
19
36
8
20
48
33
39
68
113
25
22
88
36
9
6
77
22
26
11
119
10
43
52
67
58
55
81
33
29
68
159
10
73
76
45
141
30
34
72
101
34
41
15
68
21
43
12
56
67
84
86
57
91
54
1
24
86
7
25
5
57
46
37
67
191
81
103
160
47
100
47
52
48
69
34
46
99
9
10
41
49
41
34
14
47
45
23
55
16
40
28
54
34
6
48
77
45
45
78
50
40
47
55
66
36
33
34
13
33
10
44
45
6
8
86
21
31
71
79
56
29
113
36
85
65
14
33
48
28
7
21
19
17
63
46
86
76
15
10
16
42
97
70
7
36
11
36
40
30
38
26
15
51
16
7
20
31
18
15
15
40
29
48
25
59
119
14
21
22
83
61
46
31
18
41
69
35
41
28
11
59
67
68
17
8
48
84
21
112
54
202
20
111
39
11
65
159
9
43
20
79
7
79
8
39
17
14
12
11
17
17
62
7
4
24
17
236
41
21
15
69
27
28
12
88
88
55
54
52
14
45
66
136
57
34
68
64
44
69
28
18
105
12
33
186
50
76
194
84
25
37
21
33
33
61
7
70
32
66
47
119
19
11
19
59
5
75
24
19
104
440
24
45
47
13
6
8
28
15
13
8
47
9
173
56
9
47
50
38
11
13
11
19
18
142
42
14
68
18
33
38
18
16
16
34
34
38
4
8
33
7
49
19
34
82
53
138
63
17
38
21
113
29
27
31
22
76
14
13
29
81
18
19
54
24
18
30
15
53
14
70
54
38
26
36
43
17
37
37
10
9
68
65
20
32
84
25
118
47
52
140
70
23
8
11
39
118
14
50
61
46
28
23
32
25
134
36
54
19
12
26
87
4
9
26
4
85
7
25
19
31
28
69
46
117
27
51
17
62
38
20
15
33
49
53
12
60
36
31
52
12
57
14
9
36
66
53
71
57
8
36
44
15
13
101
102
307
59
44
81
64
43
32
100
126
57
6
11
63
37
12
53
13
17
39
48
35
77
20
44
157
35
139
125
55
128
12
103
82
26
11
66
49
33
17
107
141
33
48
16
16
171
25
20
31
8
23
12
33
22
29
25
11
12
18
9
29
12
10
17
18
16
12
7
36
15
18
29
62
13
15
32
54
68
142
30
26
23
44
57
27
17
21
12
23
28
102
23
80
214
87
46
17
47
11
99
208
18
105
69
16
33
12
10
24
27
40
15
7
59
92
40
9
68
89
28
88
43
9
63
36
22
20
17
50
59
96
31
78
16
15
52
108
65
36
41
27
31
22
10
34
81
56
70
87
23
174
45
28
38
32
25
4
7
5
33
35
30
8
127
37
43
19
54
120
32
103
52
186
60
37
63
22
26
18
79
167
19
28
37
12
42
22
38
61
33
18
58
63
6
88
47
82
33
23
30
14
74
71
30
32
121
68
137
27
15
9
7
6
5
18
55
145
111
58
60
44
21
11
62
24
38
43
97
120
65
113
16
9
86
20
55
40
27
49
30
25
27
7
56
32
153
48
116
60
33
67
74
48
40
81
51
33
135
63
63
40
13
19
54
6
23
59
11
38
36
14
70
117
172
50
31
30
123
20
9
22
37
38
56
65
27
65
11
7
28
231
31
30
103
16
38
9
46
14
29
28
17
78
87
87
13
56
27
27
9
16
65
57
77
41
7
26
38
24
19
140
24
27
48
44
50
14
9
64
15
51
24
61
49
22
29
11
25
80
64
11
49
29
63
17
22
26
17
41
31
9
7
13
81
173
34
41
31
225
27
30
77
14
157
80
68
18
49
16
59
91
56
47
25
313
41
7
43
23
35
33
21
83
72
28
62
57
39
28
30
11
33
55
37
78
11
22
241
53
36
26
68
16
32
52
26
163
172
20
48
127
115
83
10
23
128
50
19
21
13
26
60
26
28
120
39
53
12
35
80
56
32
74
26
40
54
47
74
18
104
35
28
63
20
32
10
12
8
20
20
11
23
26
12
7
23
79
11
76
11
12
34
95
18
36
47
35
119
46
117
28
42
43
39
50
27
28
35
25
18
30
16
16
66
85
63
108
56
6
26
57
20
30
156
26
32
43
21
24
68
77
14
29
15
88
8
48
28
17
21
7
47
33
11
56
6
26
5
48
19
8
121
17
88
51
23
6
96
23
32
22
14
64
19
62
29
119
13
28
27
67
24
110
53
39
70
32
42
35
48
16
22
16
18
6
11
33
27
101
29
115
47
146
117
36
102
39
188
20
61
20
21
28
13
8
60
26
7
19
63
29
36
40
13
36
30
39
43
117
35
24
44
21
33
14
12
5
20
17
122
49
26
45
52
19
9
5
6
16
17
19
12
17
22
7
25
8
13
11
167
22
42
99
62
12
27
10
48
14
24
198
36
48
13
35
9
25
98
39
21
27
30
61
38
21
26
30
28
52
30
43
115
8
6
6
10
22
14
199
12
10
29
24
252
23
81
33
51
49
83
68
23
115
59
14
14
11
56
157
84
71
34
11
59
90
21
53
68
29
6
10
88
13
20
28
12
47
49
19
27
33
32
55
17
30
32
16
84
71
32
35
39
22
103
38
106
72
63
52
70
78
45
7
104
66
22
46
73
39
97
10
82
27
8
59
33
51
54
23
22
25
112
21
22
33
78
26
18
101
45
47
13
12
23
55
39
46
36
54
32
45
43
16
31
64
65
17
13
71
25
39
19
39
24
25
15
20
13
142
89
8
8
63
161
24
49
31
53
13
83
37
51
41
71
22
48
23
58
122
72
54
24
54
7
18
36
15
141
54
44
12
67
46
24
12
37
65
13
19
29
71
86
45
9
31
12
31
24
165
24
9
85
52
9
56
86
19
14
32
56
67
15
10
30
49
16
46
47
61
34
50
95
125
45
66
9
12
69
55
44
48
37
42
20
51
54
47
11
34
224
51
55
10
44
25
26
106
49
37
100
37
10
36
66
35
71
17
44
11
24
39
12
30
39
49
42
15
100
10
10
20
16
28
64
111
70
24
10
11
48
23
23
30
30
11
17
69
118
18
89
31
11
43
36
49
67
29
36
62
16
11
58
31
29
4
20
113
15
3
14
8
10
177
19
70
158
99
199
30
70
56
26
76
11
30
25
455
40
50
33
121
29
33
49
54
23
16
123
15
12
181
14
33
33
39
57
24
6
77
10
9
7
58
40
40
31
1
30
110
48
14
48
15
84
13
18
115
50
16
15
25
28
7
37
168
80
42
77
34
34
104
126
23
148
126
43
75
28
36
23
20
36
53
25
60
27
10
32
103
56
63
14
59
46
64
14
9
14
25
20
23
98
44
34
31
46
38
21
9
10
9
66
19
24
19
46
110
23
83
44
109
64
9
16
41
94
8
227
36
38
9
123
23
194
35
76
27
59
11
83
11
118
77
36
41
23
74
29
34
239
9
68
15
9
56
23
18
38
39
34
8
161
53
13
11
23
116
80
16
37
47
18
58
8
18
46
137
48
20
54
25
98
5
26
35
9
65
54
79
48
21
36
27
10
42
13
48
17
21
23
17
19
5
46
41
55
33
49
23
39
21
30
26
23
15
30
57
27
17
21
21
17
65
35
13
8
16
26
35
91
40
51
34
42
21
41
19
185
66
18
8
27
21
22
16
29
6
8
66
19
38
116
21
3
217
19
47
68
32
102
36
97
413
32
14
206
56
172
10
42
29
19
30
34
100
88
57
66
114
39
14
90
10
29
80
33
111
38
24
99
140
193
32
9
104
186
19
17
7
9
113
60
44
55
28
31
35
36
19
54
11
168
66
57
83
32
32
51
30
20
25
9
56
42
39
13
5
10
60
16
57
13
72
69
90
66
121
11
11
9
42
94
67
25
16
97
169
110
39
16
272
12
31
64
11
23
27
13
30
89
25
20
14
30
10
108
58
12
33
29
51
62
7
9
54
33
26
52
31
46
18
18
59
19
17
17
75
27
30
44
63
15
90
15
38
40
15
29
132
55
15
42
218
16
14
29
32
22
109
62
249
23
5
55
10
222
29
114
38
52
49
84
12
21
57
22
22
80
25
64
67
43
53
57
21
21
15
60
9
90
22
25
27
28
273
10
39
64
22
10
43
16
58
31
11
101
10
14
51
123
130
11
243
22
20
149
56
66
101
18
18
52
102
57
56
65
12
29
62
15
79
84
30
103
12
14
7
47
40
94
76
54
56
145
41
66
11
30
41
156
75
70
35
46
58
17
58
35
22
22
9
13
11
16
76
44
38
25
91
23
55
32
14
21
124
171
33
24
99
174
41
41
67
8
46
62
57
39
98
15
241
20
54
129
112
10
91
64
30
34
66
47
19
20
35
76
20
5
5
181
90
41
40
35
23
8
14
18
12
90
5
26
21
293
39
66
121
12
17
43
30
13
28
10
137
23
6
50
52
16
4
19
33
6
8
107
24
117
41
14
20
69
27
28
12
88
88
55
54
52
9
201
26
23
11
57
38
34
17
121
14
30
34
56
38
12
44
188
44
75
28
31
16
31
46
93
6
53
28
66
31
75
21
12
23
31
27
9
99
50
17
127
29
246
34
11
31
12
12
91
19
36
14
37
64
10
40
15
95
154
10
10
29
16
28
29
8
34
10
32
20
208
128
7
49
26
15
27
76
28
14
32
61
142
24
30
93
16
65
26
81
18
10
16
11
31
70
89
33
64
57
19
35
142
36
70
27
100
18
118
14
35
24
65
8
36
117
18
121
53
51
50
10
81
45
13
19
18
7
43
29
82
161
53
38
35
25
18
71
9
53
97
32
38
26
45
50
32
29
21
97
7
14
35
153
73
108
69
18
57
112
32
130
87
46
14
52
46
37
14
12
8
25
6
17
14
16
24
46
17
43
34
6
25
43
256
11
37
20
90
117
80
78
52
8
5
40
40
18
63
17
93
23
70
23
10
21
48
28
45
87
7
28
144
33
146
81
15
33
110
37
177
41
60
18
59
30
23
77
39
63
21
56
35
51
125
12
30
102
73
33
12
34
38
6
105
25
79
40
33
43
28
14
10
42
32
23
8
4
55
7
80
21
8
14
59
237
7
64
15
23
89
42
127
95
125
17
24
13
22
10
81
68
136
34
38
54
30
35
85
75
33
26
31
19
31
18
108
52
30
13
31
24
35
33
151
15
22
11
24
11
38
13
17
34
115
105
86
41
33
62
18
18
20
151
93
33
67
46
139
6
53
21
73
52
66
31
79
68
135
39
40
54
32
34
72
51
91
185
199
24
59
456
35
100
87
137
43
43
13
34
33
27
29
70
37
77
94
15
47
24
81
30
13
12
43
81
76
136
33
38
13
35
77
26
28
95
41
33
62
18
18
18
176
29
20
32
265
63
25
41
146
70
37
77
94
15
46
24
30
77
23
43
58
369
28
13
30
36
44
74
27
59
23
52
36
17
57
70
27
40
8
142
11
5
13
7
25
8
9
108
55
24
79
21
26
89
78
16
313
34
96
59
60
273
39
112
66
60
92
6
46
24
35
15
32
37
64
17
37
30
266
13
64
33
57
24
401
35
85
15
162
45
85
80
40
81
76
136
33
38
13
105
27
70
37
76
88
15
84
59
22
53
81
68
136
34
38
13
38
65
28
52
53
31
29
112
17
16
45
30
46
21
24
17
8
81
68
136
34
38
13
37
65
28
145
66
24
61
34
6
39
27
6
65
26
80
76
136
31
38
13
52
43
29
81
31
26
43
18
171
37
35
30
26
44
74
27
59
23
52
35
15
58
26
29
43
8
237
96
127
31
95
41
33
62
18
18
89
35
14
9
35
40
121
87
5
220
17
39
49
47
181
22
145
45
80
87
55
111
54
14
25
28
27
8
99
81
30
22
8
15
27
43
24
34
33
47
25
75
33
26
43
18
108
10
30
13
31
35
35
29
84
15
162
47
104
17
12
44
95
309
20
27
26
8
44
74
27
58
40
53
19
52
71
39
7
79
90
52
137
87
27
10
81
279
92
29
74
33
26
43
18
108
8
30
13
29
33
35
29
81
68
136
35
38
13
32
47
28
101
87
55
111
89
27
8
259
27
69
86
35
76
33
26
43
18
108
8
30
13
29
29
35
26
81
76
136
33
38
13
22
43
28
69
6
36
53
41
55
55
21
13
76
11
33
52
25
18
23
35
48
189
7
8
35
28
62
30
133
7
65
39
15
74
42
77
31
26
31
19
28
18
102
12
42
48
28
97
52
250
34
27
32
8
50
25
209
58
34
14
22
8
130
71
113
54
47
44
81
87
132
63
29
28
27
8
64
361
1
27
