18
48
24
59
55
229
85
59
25
77
40
25
42
25
41
148
26
13
34
129
72
28
30
10
37
6
10
82
68
33
9
59
29
44
124
10
33
15
80
79
26
23
75
31
19
54
23
12
35
76
84
38
15
20
23
41
40
11
78
36
158
175
90
14
9
5
45
36
33
24
52
11
11
7
83
15
59
37
54
20
34
10
110
25
65
111
31
12
27
26
15
10
64
95
26
17
38
28
101
20
30
5
54
11
22
52
54
17
21
23
53
16
30
8
9
7
28
50
13
24
11
17
14
8
25
26
16
7
6
9
74
63
17
29
7
33
12
4
11
19
8
8
7
9
21
15
18
20
15
6
22
19
17
21
113
13
26
23
9
9
11
12
23
27
25
14
30
36
15
31
60
17
52
18
118
48
6
87
41
11
20
22
16
8
12
11
29
40
9
37
16
58
88
18
9
11
25
173
12
