71
28
25
44
87
57
35
139
86
18
81
38
61
44
47
101
24
33
24
28
89
9
24
41
11
123
9
16
31
19
59
36
90
81
59
25
68
118
13
33
258
19
42
93
25
83
80
15
32
168
33
29
106
29
133
31
36
111
41
34
47
79
39
33
40
115
55
29
133
42
127
37
97
39
64
18
15
18
81
43
36
30
8
18
33
45
100
101
31
30
131
42
105
85
73
34
188
18
77
25
93
41
43
226
110
81
28
33
454
86
37
78
64
87
24
18
26
133
34
29
6
119
26
19
74
19
109
73
42
44
8
9
29
60
32
57
182
90
32
99
108
18
22
42
28
24
27
79
28
27
42
256
50
33
88
57
26
32
21
103
15
133
17
48
29
53
20
29
49
188
30
42
81
10
9
85
174
8
7
338
24
27
49
78
24
39
87
104
42
118
12
61
42
133
9
22
2
17
39
12
14
23
200
26
52
44
82
65
182
92
21
21
21
21
11
11
23
79
12
23
22
182
63
24
153
84
15
110
45
31
8
51
48
57
27
163
70
59
139
38
96
10
28
203
31
86
19
19
43
81
10
84
89
47
140
9
93
71
17
57
9
44
94
27
54
72
61
21
28
46
313
16
159
49
70
104
24
30
39
41
53
16
12
13
50
82
30
66
31
278
140
81
79
69
54
54
13
59
72
19
55
110
16
36
29
49
14
9
14
25
42
54
33
61
279
110
25
42
12
52
173
28
47
75
38
21
108
28
46
45
84
21
111
27
33
35
17
37
51
16
15
57
169
7
239
31
32
5
70
58
40
28
24
6
27
59
13
43
27
28
39
82
32
33
50
34
36
59
54
36
21
22
6
29
134
16
18
70
60
9
22
24
26
42
98
19
98
13
31
283
69
37
89
9
11
69
115
29
39
8
81
65
17
81
60
39
38
78
102
148
18
27
13
32
67
20
57
102
42
245
62
135
66
27
54
172
126
40
48
48
12
22
15
7
22
10
119
78
97
82
23
42
70
19
56
124
36
63
52
5
26
71
93
79
13
51
36
41
8
66
44
79
13
16
36
18
179
31
124
62
26
159
87
7
63
20
36
124
8
33
91
106
27
35
8
225
14
143
60
28
170
201
35
25
40
18
103
32
29
30
68
32
17
17
43
111
147
70
29
41
42
122
24
150
13
57
36
44
11
101
94
10
10
16
81
11
53
12
30
154
81
21
32
109
31
55
47
14
28
55
12
46
11
32
9
154
13
30
113
9
19
16
59
8
122
69
27
56
61
141
57
102
20
6
70
30
11
53
67
50
37
87
77
56
31
41
31
32
155
131
36
42
6
16
56
21
59
56
111
119
26
21
75
29
109
28
42
68
56
24
26
59
26
42
51
122
59
84
10
35
42
11
6
28
20
28
63
39
145
10
10
22
64
8
16
28
97
10
81
10
38
60
132
25
25
42
72
13
35
37
73
32
74
6
27
8
120
96
25
76
37
39
94
90
13
74
39
19
104
59
46
112
49
21
27
35
32
97
30
18
16
31
99
37
19
83
25
31
32
63
133
45
80
54
42
23
163
65
59
228
19
44
234
39
69
57
75
24
28
117
30
25
63
70
25
27
75
77
106
99
49
80
78
26
20
25
29
15
42
81
18
57
70
17
18
9
26
72
31
264
42
124
31
29
27
105
81
29
67
12
271
32
81
68
82
16
24
42
202
40
16
26
31
44
101
85
38
44
45
9
31
74
8
23
175
69
46
37
120
12
95
42
54
33
61
279
50
42
88
110
1
37
20
28
37
87
30
127
42
84
24
28
27
31
33
12
11
56
46
12
22
128
90
135
51
33
57
28
9
16
27
94
16
24
36
41
29
31
62
18
80
29
32
164
10
10
16
20
77
19
46
65
38
30
51
18
262
163
67
15
152
62
27
62
17
88
81
10
31
16
52
33
9
18
59
44
147
161
27
21
30
29
42
93
57
9
151
58
52
76
64
39
47
38
39
121
77
93
47
74
95
25
121
61
36
166
17
41
35
39
35
110
24
42
245
80
91
14
59
15
30
50
6
111
60
34
107
29
89
28
42
52
143
59
45
77
26
28
127
10
32
94
62
124
142
55
39
7
6
8
83
6
40
17
30
69
54
26
59
93
27
29
41
125
18
66
88
69
42
110
58
50
12
33
20
32
49
131
52
89
29
30
98
65
65
24
25
62
36
127
46
136
5
130
15
72
31
33
93
30
37
74
27
88
27
42
95
94
24
104
16
32
124
69
28
16
79
14
33
33
174
31
25
141
12
23
135
78
102
33
7
50
50
16
65
26
31
30
93
52
56
70
48
17
24
31
54
33
14
38
120
18
49
1
52
88
66
75
61
13
60
163
30
23
17
44
124
72
151
32
14
122
86
138
114
68
7
41
30
108
38
42
100
17
10
54
44
17
18
30
62
31
42
59
104
18
99
27
85
30
14
156
91
33
16
95
121
38
27
139
122
14
32
22
32
46
36
11
39
109
82
13
28
129
24
54
36
158
152
23
31
200
16
18
6
143
72
80
10
18
41
12
97
14
38
40
25
56
205
24
16
126
58
20
38
22
28
22
29
125
28
49
91
57
31
91
32
9
75
77
102
26
37
7
6
8
91
55
68
71
29
21
42
88
38
22
9
38
39
28
52
8
9
77
18
37
21
53
57
139
8
17
16
21
33
74
13
44
55
57
70
54
24
25
13
27
102
45
31
140
17
110
29
42
77
85
42
41
49
39
51
142
42
143
47
198
40
274
27
127
33
152
6
30
18
56
191
36
148
92
13
34
71
27
40
1
42
77
71
68
32
131
83
31
31
165
188
33
77
16
41
44
13
46
41
10
22
15
64
8
26
127
18
41
129
171
32
69
179
34
27
149
42
65
108
13
54
7
14
63
15
70
18
57
83
18
7
8
36
270
103
72
15
24
51
64
21
28
142
17
27
127
88
47
44
20
87
22
63
16
35
73
111
35
118
11
24
36
41
122
9
34
88
145
100
102
81
71
33
72
48
10
18
66
138
26
43
41
51
51
90
50
37
49
109
26
42
136
5
111
37
24
128
58
37
614
67
31
107
53
31
53
37
24
79
99
31
31
89
11
37
62
70
51
24
122
43
9
15
32
127
52
24
32
194
8
11
33
62
66
111
16
78
65
33
226
31
89
34
42
136
82
125
159
76
79
7
35
52
51
17
73
22
28
69
40
37
75
52
65
55
63
35
57
48
21
14
25
30
35
117
21
191
9
55
35
35
10
124
30
18
212
42
126
12
26
125
49
35
44
9
19
38
28
21
114
13
57
46
37
51
36
85
209
61
97
31
32
68
112
54
33
28
52
45
86
35
28
50
44
13
86
47
11
36
128
32
152
24
70
89
91
37
43
170
59
70
55
189
27
21
114
42
173
69
84
31
34
77
9
70
37
236
19
25
32
131
24
211
30
26
74
17
81
27
168
33
168
27
67
29
245
74
61
9
40
21
41
37
103
33
86
27
9
26
42
32
12
49
35
73
31
102
18
33
42
62
53
9
24
21
16
36
55
37
72
22
12
103
63
12
72
12
37
94
16
27
133
67
38
37
138
88
75
60
26
91
10
41
59
132
98
32
145
67
47
27
50
122
15
10
121
93
19
46
44
37
13
25
113
19
84
13
51
5
98
58
43
55
37
46
101
34
97
33
9
24
81
126
172
17
32
31
78
14
56
33
284
122
31
95
61
122
83
21
31
147
19
21
48
115
15
9
9
28
22
29
63
111
65
50
29
29
121
25
49
111
60
47
65
47
10
23
24
47
48
27
69
42
181
64
113
32
49
128
28
17
36
71
27
75
49
14
34
21
24
71
5
67
89
27
58
194
51
14
33
129
14
11
64
76
36
24
73
29
48
29
114
28
28
42
84
61
26
138
104
30
83
16
34
105
22
48
35
58
23
30
17
101
24
20
41
127
70
14
29
28
163
47
61
14
40
30
34
118
49
46
19
33
24
72
46
93
10
10
33
64
85
41
42
75
48
7
21
27
77
13
150
12
12
38
31
86
16
21
36
147
36
109
51
10
15
22
76
38
58
279
42
10
73
111
181
120
42
191
39
53
31
56
68
39
118
34
32
90
127
84
67
38
32
48
173
81
109
96
67
19
82
85
24
28
46
120
32
122
13
87
33
136
60
56
60
54
19
90
135
57
36
191
32
37
47
32
63
10
75
379
41
58
7
22
9
43
50
142
12
27
30
47
12
44
30
93
27
45
61
52
20
13
11
22
142
63
24
57
51
131
44
15
50
43
94
117
15
62
45
97
55
21
33
45
90
43
18
6
77
132
55
69
32
54
42
19
12
33
26
42
15
22
133
33
35
11
146
52
58
64
42
91
59
15
32
104
32
184
118
34
23
13
14
17
44
7
8
49
69
16
43
27
41
44
114
35
56
61
30
57
49
44
15
9
57
121
57
34
32
87
51
17
21
28
140
117
30
46
106
35
12
58
42
115
9
157
48
57
133
35
32
90
86
29
29
25
40
37
12
14
93
10
54
67
65
136
81
4
34
13
65
155
40
77
24
37
193
41
37
35
203
26
59
101
34
118
37
66
11
29
98
23
34
20
25
41
56
10
27
9
35
112
43
82
90
44
327
167
153
47
36
119
52
11
36
36
51
36
16
53
104
18
18
43
33
170
93
34
56
154
32
26
109
16
49
125
98
18
57
80
48
52
38
127
77
38
27
31
73
41
32
36
32
61
20
15
32
44
14
23
14
9
48
72
110
24
33
49
36
31
469
9
34
324
175
19
9
18
8
146
41
33
64
602
15
20
14
55
34
21
20
65
56
73
85
51
117
115
37
9
125
185
195
14
92
23
10
260
68
54
192
99
88
110
92
12
421
7
9
51
134
24
15
7
34
29
7
33
306
28
121
168
52
22
8
29
25
59
707
35
71
483
169
40
33
81
61
54
64
78
338
39
75
15
12
11
125
27
40
96
59
105
142
10
172
39
11
52
22
115
23
10
80
61
53
31
39
5
77
45
47
11
39
23
59
25
135
34
31
14
60
42
124
310
22
10
110
39
15
36
22
43
19
34
259
97
16
14
34
28
22
10
265
64
182
41
175
317
96
18
59
67
22
11
31
75
51
28
5
234
14
31
69
42
33
13
93
52
41
19
7
55
13
36
46
15
175
317
95
93
320
79
27
44
74
27
59
23
52
35
15
61
26
46
21
40
8
162
79
82
20
23
34
53
111
66
133
63
30
51
53
16
30
26
2
55
24
26
17
8
98
126
45
192
27
212
40
102
15
62
123
90
20
26
10
70
37
48
30
62
127
11
42
51
53
46
16
30
28
2
62
24
17
8
75
33
26
31
108
13
31
20
19
35
29
69
63
65
39
33
65
21
49
15
96
59
141
173
39
66
81
48
145
34
21
9
46
43
89
56
145
13
66
32
42
12
63
26
36
37
10
46
6
8
161
225
38
48
84
48
48
59
40
14
16
30
55
94
58
12
79
22
57
207
8
87
22
35
31
99
77
11
37
116
21
32
109
120
30
41
29
25
159
61
28
40
6
8
71
21
30
51
53
62
26
16
25
35
123
14
22
25
33
49
55
154
32
179
20
40
73
31
21
82
40
131
54
54
36
10
65
50
33
69
98
27
143
149
56
134
83
31
50
130
126
55
129
62
174
64
61
17
44
53
59
17
60
44
41
38
37
37
9
27
32
23
52
100
157
48
93
12
47
14
262
111
45
63
122
76
28
7
31
49
11
156
97
43
90
10
62
29
103
59
44
70
13
106
55
24
40
16
29
50
37
45
56
20
38
11
49
7
44
25
118
47
165
127
92
30
99
122
78
42
73
28
33
131
66
40
19
77
5
45
31
49
43
54
32
17
81
27
41
52
29
56
163
55
78
72
12
28
10
91
38
30
19
30
108
65
35
42
66
66
85
35
77
12
22
20
88
13
44
42
38
95
7
16
44
36
16
34
53
120
9
271
30
60
49
115
9
105
86
30
49
172
100
29
68
55
42
74
93
24
16
9
10
48
44
129
51
61
30
10
41
38
25
30
27
28
27
6
23
72
87
40
29
201
30
65
37
47
157
49
23
71
59
44
37
35
36
71
35
37
54
49
108
50
25
27
37
303
127
26
61
21
27
76
18
36
74
30
34
59
144
58
37
41
11
46
14
39
24
45
34
49
15
33
27
13
8
13
16
24
35
80
48
53
117
16
18
128
55
31
57
59
90
37
92
50
48
73
13
55
65
54
98
77
9
85
45
176
79
166
12
41
114
111
19
32
44
61
45
81
25
59
167
20
41
32
1
267
134
49
84
127
39
76
73
50
34
234
108
61
39
46
42
13
16
40
20
17
133
53
30
20
48
19
34
24
32
103
162
117
157
56
16
7
55
98
111
24
53
31
47
69
16
18
10
118
44
96
108
48
266
43
152
86
29
106
30
77
45
139
65
25
17
63
23
39
35
25
33
30
28
52
93
29
24
30
186
43
47
108
41
56
30
30
254
36
93
33
11
47
14
86
13
29
25
31
29
42
74
8
38
20
77
38
252
61
10
24
91
62
14
76
198
28
19
29
74
38
16
13
87
27
65
103
44
139
51
17
23
32
9
30
8
52
48
62
18
91
44
204
83
55
29
51
56
9
38
57
56
87
109
35
74
62
12
23
24
84
144
57
67
28
147
57
114
45
24
36
57
89
15
36
64
34
156
54
19
8
71
36
29
45
104
40
41
115
18
21
59
38
12
26
67
56
118
67
73
80
9
25
112
26
26
11
89
141
38
153
191
10
10
37
80
51
22
84
55
9
21
21
120
7
74
149
61
44
36
189
58
158
45
127
22
24
54
49
107
50
46
52
30
16
16
23
14
57
203
39
33
146
79
131
19
52
15
32
104
35
55
35
101
36
38
199
14
10
13
63
34
18
11
38
8
33
12
30
64
30
68
12
36
60
80
29
27
35
23
32
116
27
12
31
25
8
63
84
15
23
8
108
122
14
33
110
9
94
8
227
36
44
38
34
27
84
60
25
29
80
13
24
34
93
23
6
46
7
101
36
77
13
202
45
94
56
44
93
93
10
46
37
61
17
46
66
88
68
15
29
99
60
58
23
46
6
8
49
114
57
67
21
109
100
29
15
98
39
52
25
12
79
13
41
25
43
14
66
103
7
43
30
57
57
11
172
79
54
26
22
180
11
20
57
60
107
35
120
64
49
109
110
46
14
78
36
172
14
51
61
31
12
84
141
28
112
87
52
79
15
57
147
138
65
103
42
34
40
114
75
61
38
67
161
96
111
47
55
16
57
44
91
20
19
32
7
35
44
38
49
11
57
86
22
139
62
31
119
23
17
14
11
11
15
78
32
30
38
70
14
9
4
76
19
52
50
40
37
40
35
27
29
15
45
26
133
25
134
9
64
31
14
54
93
34
20
14
12
67
6
8
45
80
31
102
27
9
13
49
34
44
96
131
68
40
67
65
132
24
88
42
59
37
4
13
34
200
57
49
11
113
41
27
12
98
43
12
12
43
162
53
48
44
59
49
94
31
108
31
132
46
38
10
157
32
24
10
29
15
31
19
46
11
30
153
54
135
25
45
107
10
47
14
65
11
46
27
26
44
17
57
97
53
33
52
15
30
38
59
45
8
37
34
47
64
50
24
50
23
94
57
203
30
8
32
116
48
57
98
51
77
31
27
13
272
57
81
83
31
79
66
25
70
39
121
30
58
122
55
34
64
92
106
107
13
26
11
68
35
53
15
32
189
86
33
46
45
63
13
42
16
70
97
14
50
32
42
18
6
55
62
166
13
32
82
52
18
57
41
31
20
62
12
79
144
70
44
87
55
75
29
21
33
102
29
105
40
62
101
48
36
41
130
38
50
16
27
56
10
47
14
107
19
14
52
89
10
27
13
59
32
104
24
28
86
15
117
27
68
21
30
125
43
164
71
33
113
45
31
21
17
5
5
5
127
111
36
28
34
341
35
86
62
62
49
83
23
115
36
11
56
62
76
14
33
11
34
85
167
49
19
92
98
118
10
158
94
10
120
60
9
15
71
22
60
44
17
147
75
39
38
68
11
38
42
30
40
75
16
57
78
100
33
63
10
42
12
30
11
22
88
29
42
5
40
20
86
24
37
52
31
29
26
40
20
209
12
29
36
35
128
47
24
36
56
40
83
40
7
34
21
39
103
41
12
53
56
46
12
37
33
44
21
159
57
8
8
13
41
29
30
7
32
42
44
16
51
8
6
130
98
30
6
28
18
20
28
15
20
22
28
16
51
22
9
48
135
6
4
31
63
28
110
61
33
67
33
28
44
17
32
90
62
16
184
28
57
76
107
53
33
38
54
30
35
29
64
47
42
60
17
19
38
43
75
28
23
20
25
127
10
32
79
40
28
14
10
42
83
7
22
42
53
5
13
30
64
114
40
10
14
7
70
110
20
12
23
31
17
42
27
113
12
34
10
24
25
18
39
13
39
47
89
17
48
41
80
51
16
45
153
56
43
55
28
15
36
8
20
48
33
39
68
25
88
9
6
26
11
10
43
52
67
81
33
68
159
10
73
45
141
30
34
72
101
34
15
68
21
43
12
56
57
54
1
24
7
25
46
37
67
191
81
103
160
69
34
46
99
10
41
41
23
55
16
40
28
77
45
78
50
40
47
66
13
33
10
44
45
6
8
21
71
79
29
36
14
33
28
7
19
46
86
76
15
10
16
97
7
11
38
26
15
25
21
22
83
46
69
28
11
67
68
8
48
84
112
54
202
20
111
11
65
43
79
79
39
14
12
17
62
7
4
17
41
21
15
27
28
12
88
54
52
14
45
66
136
57
64
18
105
12
33
186
50
76
194
84
25
37
21
33
32
47
119
19
11
19
59
5
75
19
47
13
6
8
13
47
173
56
9
47
50
11
14
68
33
18
16
16
34
34
4
8
33
49
53
138
17
38
27
22
76
14
13
29
81
18
19
24
30
15
53
14
70
54
38
17
37
10
68
65
32
84
25
118
52
140
70
39
118
50
61
46
134
54
19
12
26
87
9
26
4
85
7
25
19
31
28
69
17
62
38
33
12
60
36
31
57
14
9
66
53
57
8
36
44
15
101
102
307
59
44
81
64
43
32
126
57
6
11
63
53
13
17
39
48
35
20
44
157
35
125
55
17
107
48
16
16
20
31
23
33
22
29
11
9
18
36
18
13
15
54
142
30
23
44
27
12
28
80
46
17
99
208
18
105
69
16
33
12
10
24
27
15
7
9
89
28
43
9
63
36
20
50
59
78
15
52
108
65
10
81
70
87
23
45
38
32
25
30
8
127
43
54
32
60
37
63
22
26
18
79
167
19
28
37
12
22
38
33
18
58
6
88
47
82
23
30
14
30
121
68
27
15
55
44
21
11
62
24
38
43
97
120
65
113
20
55
40
27
30
25
27
7
56
32
116
33
48
40
81
51
33
135
19
54
6
38
36
14
70
117
172
50
31
30
123
9
37
38
56
65
231
31
30
16
38
9
46
14
29
28
17
78
13
56
27
27
9
16
65
77
41
26
38
27
48
50
14
51
49
22
29
11
25
80
64
11
29
63
22
26
17
41
13
81
34
41
225
27
30
77
14
157
80
68
18
49
16
59
91
56
47
25
313
41
7
43
35
21
72
28
62
57
55
78
11
22
241
26
16
52
26
163
172
20
48
23
50
21
13
60
26
120
12
35
80
32
26
40
74
18
104
35
28
63
10
12
8
20
11
23
26
12
7
23
76
11
12
34
18
47
35
117
28
42
43
50
35
18
30
16
66
85
63
108
56
6
26
57
20
30
26
32
43
24
14
29
48
21
7
33
56
6
26
5
48
19
88
51
96
23
32
22
14
64
62
28
27
67
24
110
53
39
32
42
35
48
6
11
33
27
101
29
47
36
39
20
61
20
28
8
7
19
63
36
40
13
36
30
39
43
117
24
44
33
14
12
5
20
17
122
49
26
45
9
6
16
17
12
17
22
13
11
42
99
62
12
27
10
48
198
36
48
13
35
9
98
39
21
27
30
61
21
30
28
52
30
6
6
22
199
12
10
29
33
51
49
83
23
115
59
14
14
11
56
157
84
71
34
11
59
90
53
29
6
10
13
20
12
47
49
27
32
17
71
35
39
22
103
106
72
52
7
104
22
46
39
97
82
27
8
33
51
54
23
22
25
21
18
13
12
23
39
46
36
54
45
31
65
17
71
25
39
19
25
15
20
13
142
8
8
63
24
49
31
13
83
37
48
23
58
24
54
7
18
15
141
54
67
46
24
12
13
19
29
86
45
9
31
12
31
165
24
9
85
52
9
56
19
14
32
56
67
10
30
49
46
47
61
50
66
12
69
55
44
48
37
51
54
11
34
224
51
55
44
25
26
49
100
10
36
66
35
44
39
12
30
39
49
42
100
10
10
28
64
111
10
11
48
23
30
30
17
69
18
89
31
11
43
36
49
36
16
11
58
31
29
4
15
8
19
158
199
30
56
26
76
11
30
25
455
40
50
33
121
33
49
23
16
123
12
181
14
33
33
39
77
10
7
40
31
1
30
14
48
15
18
37
168
42
34
34
104
23
43
75
28
23
25
10
32
63
14
59
46
64
14
9
20
23
98
44
31
46
9
66
19
46
83
44
109
9
94
8
227
36
38
123
194
35
59
83
11
77
36
41
29
34
68
9
56
18
38
34
161
53
13
11
23
116
37
47
18
58
8
18
46
137
98
5
26
35
9
65
54
79
48
21
36
27
13
48
23
17
19
5
46
41
55
49
39
21
30
23
15
30
27
21
17
35
13
8
16
26
40
51
42
21
41
19
185
66
18
27
16
29
6
8
66
19
38
3
19
68
102
36
413
14
206
56
172
42
19
30
100
88
57
66
114
39
90
10
29
80
33
99
140
32
9
104
186
7
44
55
28
54
11
168
66
57
83
32
32
51
30
20
25
9
56
42
13
5
57
13
72
66
121
11
11
9
42
94
67
25
16
97
169
110
39
16
31
64
11
13
30
20
30
10
58
12
33
7
9
54
33
52
31
46
18
19
17
75
27
30
44
63
15
38
40
29
132
15
42
16
14
32
62
23
5
55
10
38
49
84
12
21
22
80
25
64
67
43
53
21
21
15
9
90
25
27
28
273
10
39
64
10
43
16
58
101
10
14
51
130
11
22
20
149
101
18
18
102
57
12
29
84
12
14
7
47
40
76
54
56
41
66
11
30
41
75
70
35
46
58
17
58
35
22
9
13
16
76
44
38
25
91
55
32
14
21
124
171
33
24
41
41
67
8
46
62
39
98
15
241
54
129
30
34
20
35
5
5
41
23
8
14
18
12
90
5
26
293
39
43
30
13
28
137
23
6
50
19
33
6
8
107
41
14
20
27
28
12
88
54
52
201
26
23
57
14
30
34
56
188
44
75
28
31
31
46
6
66
75
21
12
23
31
27
9
99
50
17
127
29
34
12
91
36
14
37
64
40
154
10
10
28
29
8
34
10
32
20
208
7
26
15
76
28
32
142
24
30
16
65
26
81
18
16
11
31
70
57
19
35
142
36
70
27
18
24
65
8
36
117
18
53
51
10
81
45
13
19
43
29
161
53
38
35
25
18
71
9
53
38
26
32
97
7
14
35
73
108
69
18
57
112
32
46
14
52
37
14
12
8
25
14
16
17
34
6
256
11
37
20
117
80
78
52
8
5
40
40
18
63
93
70
10
21
48
28
45
87
28
33
146
15
33
110
37
177
18
59
30
23
63
51
12
30
12
34
38
6
105
25
79
40
28
14
10
42
55
7
80
8
14
59
237
7
15
23
89
127
125
24
13
22
10
81
68
34
38
35
85
75
33
26
31
108
13
31
24
35
33
151
15
11
24
17
34
115
105
86
41
33
62
18
20
151
93
33
139
6
53
21
73
52
31
79
68
39
40
32
34
72
51
199
24
59
456
35
100
87
43
43
13
34
33
27
29
70
37
94
15
47
24
81
12
43
81
76
33
38
13
35
77
28
95
41
33
62
18
18
176
20
32
265
63
25
41
70
37
94
15
46
24
30
77
23
43
58
369
30
36
44
74
27
59
23
52
36
17
57
70
27
40
8
142
11
5
13
8
9
108
55
24
79
21
89
78
34
96
59
39
112
92
6
24
35
15
32
37
64
37
30
266
33
24
401
35
85
15
45
85
80
40
81
76
33
38
13
105
27
70
37
76
15
84
53
81
68
34
38
13
38
65
28
52
53
31
16
45
30
21
24
17
8
81
68
34
38
13
37
65
28
145
61
6
65
26
80
76
31
13
52
29
81
31
26
43
171
37
35
30
26
44
74
27
59
23
52
35
15
58
26
29
43
8
237
127
31
95
41
33
62
18
89
9
35
40
121
87
17
39
49
22
145
45
80
87
55
111
54
14
25
27
8
99
81
15
27
43
33
47
25
75
33
26
43
108
13
31
35
35
29
15
47
104
17
12
44
95
309
27
26
8
44
74
27
58
40
53
19
52
71
39
7
79
90
137
87
27
10
81
92
29
74
33
26
43
108
13
29
33
35
29
81
68
35
38
13
32
47
28
87
55
111
89
27
8
69
35
76
33
26
43
108
13
29
29
35
26
81
76
33
38
13
22
43
28
69
6
36
53
41
55
11
33
52
25
23
35
48
189
7
35
28
62
30
133
7
39
15
74
42
77
31
26
31
12
42
48
28
97
52
34
27
32
8
50
25
209
22
8
130
113
54
47
44
81
87
132
63
29
28
27
8
64
361
1
27
