-0.10588928
-0.090768814
-0.0727223
-0.08123438
-0.004287682
-0.2603003
-0.030470759
-0.005179555
-0.11030335
-0.11506998
-0.0054739453
-0.11930353
-0.00835646
-0.0041163955
-0.005858173
-0.015992833
-0.045714818
-0.004328019
-0.111847915
-0.007170856
-0.17077477
-0.004852705
-0.0053990697
-0.1538024
-0.006869341
-0.04986821
-0.004471039
-0.0058729514
-0.08264892
-0.006054095
-0.088744685
-0.0046356134
-0.0052554435
-0.029608779
-0.005180852
-0.14890282
-0.10695078
-0.11671518
-0.036504272
-0.0042611375
-0.14388964
-0.0056514707
-0.01701546
-0.10175051
-0.01331751
-0.13631958
-0.08320771
-0.0046453155
-0.079262614
-0.0043075485
-0.144059
-0.004697275
-0.16500783
-0.14429004
-0.048322897
-0.004803572
-0.0948511
-0.103714764
-0.14612693
-0.061402228
-0.004993392
-0.13188545
-0.1551738
-0.051959995
-0.103398524
-0.30219933
-0.11320252
-0.1060193
-0.004419353
-0.006477727
-0.02056241
-0.03935799
-0.0047857487
-0.07287513
-0.08607016
-0.004495065
-0.011233646
-0.102595866
-0.014677961
-0.10239736
-0.0061266175
-0.06255122
-0.10945699
-0.004574121
-0.0077555384
-0.006903031
-0.006232645
-0.01878413
-0.13986583
-0.013797028
-0.25362965
-0.23942624
-0.25405735
-0.098446876
-0.056091618
-0.15638429
-0.04370432
-0.09462225
-0.29666406
-0.19911781
-0.0048747263
-0.007296047
-0.017448805
-0.044836804
-0.0051050843
-0.092387125
-0.09327635
-0.06456788
-0.0068115573
-0.08393184
-0.006111937
-0.15647359
-0.014677961
-0.14533739
-0.083965674
-0.20293471
-0.037379734
-0.0046740873
-0.20708016
-0.06213345
-0.09936068
-0.005945491
-0.0042098314
-0.132557
-0.014523211
-0.09150953
-0.069475636
-0.17783594
-0.070455074
-0.0056494423
-0.16193348
-0.19880377
-0.1312043
-0.03876918
-0.18799503
-0.025120452
-0.14721368
-0.007170856
-0.1634545
-0.0054021785
-0.0049023633
-0.16689283
-0.040012747
-0.017482243
-0.0070238225
-0.12511873
-0.004642818
-0.06565186
-0.00568757
-0.15988384
-0.0044439523
-0.0056229117
-0.08092281
-0.050481
-0.014677961
-0.16278857
-0.09083138
-0.28570825
-0.093905635
-0.13576181
-0.0069572274
-0.007016329
-0.19395512
-0.31246617
-0.005678833
-0.09205867
-0.03640692
-0.06977515
-0.005657979
-0.19972906
-0.18219185
-0.17733823
-0.004681742
-0.11201565
-0.057314254
-0.27043623
-0.004812416
-0.11946628
-0.0050308863
-0.115369216
-0.060711615
-0.09114068
-0.004801268
-0.19731037
-0.020285128
-0.050527267
-0.005163101
-0.07093988
-0.062030025
-0.028853506
-0.09155831
-0.07042817
-0.1023556
-0.15151058
-0.24060291
-0.031905863
-0.056779508
-0.0045749126
-0.1720614
-0.13032177
-0.065944955
-0.0043639652
-0.009839391
-0.17567652
-0.0054642763
-0.041540835
-0.0045950534
-0.15735416
-0.07435741
-0.098491654
-0.005596713
-0.011233646
-0.2354931
-0.17487985
-0.03900706
-0.014677961
-0.016753554
-0.26521897
-0.13341154
-0.07790393
-0.08102182
-0.0069716796
-0.006053902
-0.0480609
-0.02119475
-0.0069146557
-0.0068410453
-0.1999218
-0.0050008837
-0.0046570096
-0.13708936
-0.03527522
-0.15810867
-0.12534778
-0.005008982
-0.054215804
-0.004213575
-0.09815435
-0.014677961
-0.1447657
-0.0066003967
-0.006366901
-0.08012993
-0.014763418
-0.09827857
-0.0058722217
-0.0053563197
-0.013906434
-0.17351715
-0.0076422426
-0.0053421035
-0.005554824
-0.0048739533
-0.16628104
-0.071520574
-0.18323708
-0.004545124
-0.10795128
-0.062332954
-0.12330812
-0.10758341
-0.014203666
-0.0071258913
-0.0530628
-0.00629251
-0.0058452752
-0.0076227733
-0.008372553
-0.006799281
-0.005434675
-0.005931677
-0.0053633647
-0.2192983
-0.15112053
-0.0053421035
-0.014482183
-0.0049373237
-0.1539746
-0.06953768
-0.005008982
-0.13400914
-0.12078692
-0.0061033755
-0.191464
-0.21913126
-0.23449613
-0.24870065
-0.10767486
-0.10721832
-0.1486873
-0.008190644
-0.16517074
-0.007770168
-0.031369742
-0.004895489
-0.06215753
-0.09831942
-0.004138861
-0.0049192403
-0.028257612
-0.0051193023
-0.10042119
-0.08395832
-0.0062026144
-0.004948508
-0.07826748
-0.16569553
-0.004844055
-0.10045944
-0.31803405
-0.017403567
-0.09785723
-0.100045465
-0.08917407
-0.07498016
-0.007384181
-0.14160916
-0.005844983
-0.20770659
-0.1723996
-0.048997864
-0.043258782
-0.116361976
-0.006054095
-0.08216169
-0.016998455
-0.12369517
-0.004065239
-0.11217914
-0.005212415
-0.08937484
-0.099645406
-0.28761113
-0.0060457443
-0.005146524
-0.10743155
-0.00533686
-0.02558072
-0.14997777
-0.20758492
-0.069399856
-0.004939008
-0.04464886
-0.004976541
-0.15074159
-0.1986426
-0.3681419
-0.005224928
-0.2391431
-0.037262343
-0.020012366
-0.103420585
-0.005013484
-0.011888028
-0.072856724
-0.14806603
-0.0043235705
-0.14232065
-0.004413982
-0.30900127
-0.102188036
-0.2393796
-0.0053362153
-0.101524785
-0.0042091976
-0.19598927
-0.07769047
-0.0058272565
-0.045533933
-0.0055973413
-0.09684664
-0.004091562
-0.0068611917
-0.0062509472
-0.18081847
-0.14873244
-0.033235077
-0.32527852
-0.08780146
-0.0044615953
-0.2146892
-0.0057708747
-0.013232755
-0.16974485
-0.010854983
-0.13160998
-0.075072914
-0.10910517
-0.08172182
-0.006654202
-0.011848648
-0.15279067
-0.021922708
-0.15304232
-0.005788413
-0.006036999
-0.0052541653
-0.0047016777
-0.12872054
-0.120290905
-0.004598357
-0.08511215
-0.16517532
-0.19905564
-0.04698834
-0.014677961
-0.17348236
-0.08495205
-0.12245568
-0.22160015
-0.037456468
-0.005414305
-0.017588345
-0.15637861
-0.0045509534
-0.11543693
-0.012549033
-0.004460289
-0.06120867
-0.06371701
-0.005310149
-0.09345098
-0.004948508
-0.05032035
-0.013392368
-0.06298283
-0.14810313
-0.0268085
-0.0054509775
-0.00917703
-0.0052072373
-0.12104125
-0.033248954
-0.005165244
-0.23344912
-0.028023109
-0.110092565
-0.12159358
-0.02010423
-0.057636086
-0.006899719
-0.25924265
-0.005895397
-0.005778579
-0.113120615
-0.0068410453
-0.048967306
-0.13953854
-0.040049247
-0.0076597547
-0.008006945
-0.04396719
-0.031691156
-0.06820932
-0.004948508
-0.00588001
-0.13570651
-0.0070179184
-0.0050558085
-0.2192983
-0.24765705
-0.007489348
-0.024766581
-0.004885728
-0.18689081
-0.0046089357
-0.047438048
-0.14079039
-0.13349535
-0.044656456
-0.0045157736
-0.119467966
-0.11012533
-0.091492526
-0.23841625
-0.0043062195
-0.032224897
-0.005180852
-0.034903914
-0.06438695
-0.17498188
-0.0070179184
-0.009036939
-0.0050584334
-0.2192983
-0.094628096
-0.007864249
-0.006438334
-0.119424656
-0.09857389
-0.006054095
-0.00570062
-0.007015846
-0.023163155
-0.047295503
-0.005163101
-0.1266212
-0.0060779597
-0.094027996
-0.0077701216
-0.004524085
-0.10397152
-0.06439433
-0.06857987
-0.009678985
-0.105154715
-0.12804262
-0.006054095
-0.1631979
-0.08413879
-0.005921418
-0.004127948
-0.20842195
-0.043913484
-0.005025579
-0.006337476
-0.075909935
-0.0741448
-0.0056819213
-0.137937
-0.027524685
-0.004242046
-0.24608001
-0.05905276
-0.0052611157
-0.18942022
-0.08214976
-0.07903922
-0.035754044
-0.0067019137
-0.005755499
-0.017109632
-0.099824265
-0.10664506
-0.07452947
-0.005329882
-0.0042291037
-0.2256496
-0.029778747
-0.005589042
-0.08028777
-0.0085216705
-0.066137284
-0.0041359817
-0.17716835
-0.017416447
-0.04891639
-0.018068586
-0.09745387
-0.11906854
-0.0058591054
-0.05533719
-0.075913824
-0.1890692
-0.005987745
-0.009641356
-0.12781237
-0.23829785
-0.007127874
-0.01560782
-0.0070419214
-0.11059063
-0.0708011
-0.0069141425
-0.0040599103
-0.16470163
-0.051944785
-0.014677961
-0.12104237
-0.08728716
-0.0066043898
-0.13037214
-0.014284161
-0.0043649334
-0.13088363
-0.005180852
-0.2029735
-0.034854103
-0.15181936
-0.008006945
-0.08020639
-0.0045536766
-0.07496691
-0.0041355076
-0.15855564
-0.005600125
-0.07173326
-0.005630606
-0.20250788
-0.06041302
-0.0062145833
-0.063963436
-0.021640956
-0.0159298
-0.11801693
-0.0074138236
-0.09187149
-0.0056969794
-0.0048308778
-0.047042858
-0.0061894027
-0.105123825
-0.1377742
-0.030519407
-0.10645446
-0.059463277
-0.07155365
-0.0043640817
-0.007718527
-0.0068410453
-0.16433805
-0.170845
-0.004735252
-0.102117665
-0.008045452
-0.20239472
-0.023253549
-0.0040286602
-0.1346854
-0.042966675
-0.0048088036
-0.0063265343
-0.12778759
-0.0062846052
-0.116070844
-0.11087904
-0.047048517
-0.005814567
-0.15050073
-0.11007395
-0.011651563
-0.049464487
-0.014192918
-0.10580149
-0.15663171
-0.104093
-0.16608079
-0.05328073
-0.004763445
-0.0071281763
-0.123868406
-0.080675215
-0.0050314674
-0.061047427
-0.0050228774
-0.10646462
-0.064543635
-0.0691005
-0.12692672
-0.011233646
-0.06103578
-0.014677961
-0.08878984
-0.09577095
-0.0066043898
-0.004811359
-0.09923887
-0.0064377366
-0.016459582
-0.0400997
-0.018025314
-0.005480138
-0.036931854
-0.11672469
-0.005480757
-0.005588884
-0.021784527
-0.00641615
-0.041103996
-0.0041906736
-0.006029358
-0.046691544
-0.18360533
-0.0057866387
-0.011866334
-0.13343741
-0.096679
-0.0590899
-0.0052915635
-0.084652364
-0.051914334
-0.1561226
-0.081533425
-0.063202366
-0.004942655
-0.07102138
-0.07449356
-0.005728709
-0.13296776
-0.05093319
-0.005480138
-0.063813016
-0.018639535
-0.0057879873
-0.12496463
-0.004023411
-0.006059191
-0.20953363
-0.10644096
-0.006054095
-0.07176324
-0.088589996
-0.004317814
-0.00627187
-0.18508314
-0.010377746
-0.04724327
-0.0042195716
-0.19296515
-0.06240211
-0.09452236
-0.09075063
-0.12742272
-0.007062245
-0.03930639
-0.00534705
-0.24825881
-0.005837239
-0.06671476
-0.29518652
-0.2139856
-0.16298078
-0.05035737
-0.005118775
-0.10568582
-0.05749953
-0.19488521
-0.16918539
-0.09014347
-0.09150725
-0.1524317
-0.011308729
-0.029299742
-0.045115538
-0.004410575
-0.14373508
-0.095387794
-0.30615196
-0.16666554
-0.05482714
-0.014677961
-0.064899296
-0.007380066
-0.21965913
-0.0053727427
-0.057766207
-0.007183659
-0.12851787
-0.004317814
-0.037596714
-0.01626269
-0.1806279
-0.004642818
-0.07609361
-0.006442547
-0.0042710504
-0.011233646
-0.14444287
-0.041461814
-0.014677961
-0.21583347
-0.051512714
-0.13361348
-0.15127666
-0.005008982
-0.0648851
-0.00809207
-0.0044291164
-0.047239557
-0.014677961
-0.027998686
-0.060745027
-0.122619584
-0.103176095
-0.15397216
-0.004317814
-0.18516837
-0.0059741177
-0.039714545
-0.004593081
-0.26561046
-0.0059494716
-0.11059282
-0.009317563
-0.029898295
-0.07743994
-0.008347686
-0.15317228
-0.027525773
-0.0049087848
-0.107774004
-0.005480757
-0.005588884
-0.10772384
-0.008465341
-0.03876682
-0.06919497
-0.0042845504
-0.0062860167
-0.005179766
-0.004624198
-0.12086249
-0.09298454
-0.15792756
-0.057041947
-0.0070539154
-0.19175673
-0.0065669096
-0.0049629384
-0.13854146
-0.07471784
-0.09578156
-0.13883755
-0.006240145
-0.046448942
-0.014677961
-0.09731805
-0.15603486
-0.1650564
-0.2066873
-0.14650321
-0.023726182
-0.066024534
-0.006841214
-0.004831514
-0.006353085
-0.06504939
-0.07653395
-0.19123293
-0.0063721226
-0.06950992
-0.06962744
-0.0041027046
-0.012516422
-0.03325612
-0.005168569
-0.11755539
-0.04894717
-0.005509899
-0.023468811
-0.054889392
-0.27494854
-0.1930292
-0.075267985
-0.007634312
-0.017919287
-0.111369096
-0.03957168
-0.0057657175
-0.11011122
-0.29462984
-0.04898002
-0.004614019
-0.12023415
-0.0051226085
-0.035088398
-0.04550176
-0.034705546
-0.032091666
-0.0042821
-0.0066924463
-0.005499602
-0.015265871
-0.005510462
-0.13069443
-0.02115386
-0.040701535
-0.0076597547
-0.16652688
-0.09417842
-0.07682448
-0.12180896
-0.12143311
-0.014677961
-0.1455913
-0.0050935643
-0.07876109
-0.004085917
-0.13590509
-0.02524726
-0.25947356
-0.029323125
-0.005591839
-0.14114122
-0.0159298
-0.08972032
-0.113468036
-0.03966335
-0.13800873
-0.064369686
-0.14588945
-0.006498004
-0.11410886
-0.018041717
-0.0063529843
-0.13746232
-0.030585855
-0.047828253
-0.040247623
-0.16504595
-0.0042395866
-0.13270333
-0.16257751
-0.04865867
-0.014621802
-0.201248
-0.049776953
-0.05274066
-0.07755401
-0.024347609
-0.23172767
-0.15206084
-0.0059878984
-0.23465064
-0.14360173
-0.0052029877
-0.005657979
-0.1345747
-0.14612047
-0.007886532
-0.0927129
-0.08907342
-0.004722011
-0.04830558
-0.005440537
-0.1035777
-0.014677961
-0.079392664
-0.12628593
-0.004636559
-0.005584716
-0.22279093
-0.018147247
-0.05571127
-0.17214902
-0.103491016
-0.07623647
-0.005640862
-0.11500202
-0.017109632
-0.13258722
-0.051924333
-0.047684014
-0.006284942
-0.048483256
-0.014677961
-0.12956801
-0.0049650357
-0.082147844
-0.0051229615
-0.053634796
-0.035700962
-0.0047838707
-0.18256652
-0.12888975
-0.005397526
-0.1825218
-0.053113777
-0.039461154
-0.15293893
-0.116694294
-0.0927929
-0.15976872
-0.010561593
-0.0056086583
-0.03277763
-0.016919184
-0.12478536
-0.004118618
-0.09653558
-0.015819993
-0.05245994
-0.0043641343
-0.1569353
-0.0065706293
-0.006366901
-0.005857104
-0.12872054
-0.120290905
-0.004598357
-0.08511215
-0.16517532
-0.18026236
-0.014677961
-0.11015696
-0.11041154
-0.028245015
-0.040921338
-0.06919905
-0.004604217
-0.052189402
-0.0041452367
-0.17615616
-0.006111937
-0.1184161
-0.014677961
-0.11440431
-0.0066043898
-0.08174095
-0.004657376
-0.013241728
-0.04794574
-0.005512088
-0.0054394323
-0.005980749
-0.13357392
-0.10151524
-0.005477955
-0.0047962586
-0.06221392
-0.0042227115
-0.07614058
-0.0971548
-0.069899924
-0.11222817
-0.005574065
-0.15691613
-0.0050308863
-0.13109507
-0.006054095
-0.13777047
-0.088068865
-0.29656366
-0.0047199586
-0.24132791
-0.0053244685
-0.023163155
-0.20386875
-0.004900233
-0.099650405
-0.12492026
-0.10615096
-0.1881743
-0.063825026
-0.0055212616
-0.28017187
-0.012020808
-0.0040760003
-0.04059321
-0.005473959
-0.13052498
-0.005480757
-0.005588884
-0.018142575
-0.01105153
-0.082750306
-0.12381995
-0.0053557325
-0.008845698
-0.10115241
-0.005496487
-0.044374537
-0.08623265
-0.26089033
-0.14260511
-0.012312271
-0.010779281
-0.14139864
-0.08469402
-0.20396551
-0.006347484
-0.21171819
-0.011414087
-0.15051441
-0.0484267
-0.10468181
-0.0067019137
-0.051811907
-0.039590422
-0.0041493685
-0.11068943
-0.006505595
-0.01748561
-0.08163278
-0.0063910587
-0.119449794
-0.018733783
-0.19508092
-0.052405763
-0.22974204
-0.15293227
-0.081092186
-0.006151265
-0.0623571
-0.057038214
-0.0159298
-0.07523324
-0.092135124
-0.0055692336
-0.0056896666
-0.006111937
-0.04377838
-0.014677961
-0.112124905
-0.065693125
-0.006054095
-0.0048381854
-0.04396236
-0.029026972
-0.004484279
-0.029040387
-0.21347104
-0.2537282
-0.07171387
-0.04403072
-0.021124443
-0.049094237
-0.2192983
-0.0063536004
-0.006753452
-0.104840085
-0.09831558
-0.038269863
-0.004162768
-0.1715371
-0.0046559493
-0.1202981
-0.098078005
-0.10045654
-0.1783879
-0.033761784
-0.005180852
-0.086046875
-0.03729586
-0.11174901
-0.019591665
-0.0066695595
-0.0054395767
-0.16643396
-0.04895939
-0.014677961
-0.14558974
-0.21499872
-0.10834524
-0.0055497102
-0.10847784
-0.008232354
-0.0047856206
-0.24296643
-0.091773815
-0.004531482
-0.0073263296
-0.03409856
-0.0078887
-0.11481331
-0.08008716
-0.009973173
-0.0488866
-0.005421553
-0.011233646
-0.13701151
-0.0618141
-0.014677961
-0.2429856
-0.17969954
-0.12452453
-0.057999738
-0.04605252
-0.14702582
-0.073646896
-0.06262276
-0.068975
-0.0058904244
-0.13886501
-0.006505595
-0.017109632
-0.19704561
-0.18156771
-0.02711898
-0.21979411
-0.22552368
-0.20004873
-0.11200356
-0.07114803
-0.0045149713
-0.03097566
-0.0067748846
-0.007171618
-0.0063265343
-0.18067354
-0.0073263296
-0.19929317
-0.29722592
-0.007744815
-0.019494178
-0.07509532
-0.06199734
-0.0066043898
-0.109036334
-0.004317814
-0.10112976
-0.24646038
-0.020906277
-0.06698758
-0.004900233
-0.08444076
-0.03515945
-0.008879503
-0.0043731746
-0.1715258
-0.010377746
-0.0043610474
-0.16134234
-0.071041115
-0.081635915
-0.00556837
-0.2628585
-0.016649757
-0.0733803
-0.004341578
-0.10845101
-0.14303857
-0.0046835807
-0.09234803
-0.061108306
-0.01176916
-0.11613565
-0.029880757
-0.20977253
-0.08409238
-0.007170856
-0.15478502
-0.0049142023
-0.14367042
-0.09818913
-0.005180852
-0.13763782
-0.03516177
-0.20671204
-0.19081734
-0.027172517
-0.009148255
-0.004025779
-0.005682762
-0.16119772
-0.045485176
-0.0045773867
-0.109994434
-0.0051226085
-0.048038736
-0.0043133367
-0.0055692336
-0.008999668
-0.11113145
-0.052061368
-0.014677961
-0.09240278
-0.07998616
-0.005008982
-0.122695476
-0.028497176
-0.032681808
-0.0054563293
-0.017109632
-0.1382068
-0.04892825
-0.004577183
-0.03930541
-0.22458303
-0.0054722787
-0.039696492
-0.016859522
-0.13895343
-0.0772618
-0.05378294
-0.100130655
-0.036209054
-0.004728628
-0.16989
-0.0057659666
-0.007940042
-0.08351454
-0.077226855
-0.077655315
-0.024414226
-0.012125883
-0.16013822
-0.007067927
-0.06197877
-0.0535955
-0.06197877
-0.0535955
-0.02735189
-0.15649827
-0.0041576494
-0.057908755
-0.004603647
-0.0992522
-0.043537233
-0.004123893
-0.11208712
-0.1269144
-0.13255426
-0.15023798
-0.05045939
-0.06375977
-0.0045332513
-0.2485317
-0.047708113
-0.14858148
-0.07461182
-0.046163388
-0.13469155
-0.063905366
-0.19911781
-0.030242585
-0.028245015
-0.025321048
-0.014686027
-0.102460034
-0.13597813
-0.00421209
-0.1434356
-0.006289538
-0.005859062
-0.010589828
-0.14321195
-0.0062797233
-0.0067635686
-0.006580774
-0.01791822
-0.22239599
-0.021145176
-0.15390898
-0.0044717193
-0.005194285
-0.054271426
-0.004220548
-0.12826173
-0.0826055
-0.049690485
-0.07045592
-0.0070042093
-0.08160666
-0.006111937
-0.09425597
-0.040489607
-0.014677961
-0.16183788
-0.08999653
-0.005659289
-0.03918518
-0.025643017
-0.122683555
-0.07839018
-0.037271123
-0.01878413
-0.006111937
-0.13810736
-0.051435195
-0.014677961
-0.15215372
-0.07365517
-0.034986332
-0.03898445
-0.004281079
-0.0067019137
-0.106793776
-0.017974673
-0.14606273
-0.24783728
-0.11820263
-0.10180208
-0.0051612267
-0.038954057
-0.00437497
-0.12959605
-0.0044157673
-0.061361227
-0.2398942
-0.13113128
-0.15320161
-0.0063890447
-0.0045053316
-0.1460845
-0.22965477
-0.07814563
-0.21593608
-0.10477703
-0.006981198
-0.08574258
-0.23005053
-0.17380854
-0.0040510264
-0.11631618
-0.2330011
-0.0057416987
-0.011275447
-0.08464715
-0.102923706
-0.0066495016
-0.033095494
-0.004438319
-0.017388193
-0.117953174
-0.0068483762
-0.10666537
-0.003969588
-0.078520894
-0.0045082057
-0.13875914
-0.0050882148
-0.036111597
-0.073407196
-0.28704676
-0.0907575
-0.19765882
-0.039184537
-0.015512625
-0.006994647
-0.0050690644
-0.13940594
-0.009404078
-0.07925173
-0.14639023
-0.016426533
-0.08865118
-0.21678953
-0.004820388
-0.09862797
-0.0076025277
-0.0134969335
-0.094574064
-0.012823864
-0.0052789473
-0.119969085
-0.07097263
-0.0056744176
-0.09314804
-0.004552964
-0.005752482
-0.019977042
-0.052602362
-0.005670782
-0.08273289
-0.15217677
-0.0045544836
-0.050218318
-0.004356146
-0.009367169
-0.005952668
-0.20615485
-0.038847156
-0.007880127
-0.15657918
-0.0459711
-0.080462225
-0.0042864108
-0.08051715
-0.046056353
-0.0330447
-0.0067748846
-0.007171618
-0.0063265343
-0.102370165
-0.07401498
-0.08035391
-0.0815277
-0.12572768
-0.0044539333
-0.011233646
-0.053701013
-0.014677961
-0.18655896
-0.08528143
-0.17747179
-0.17021562
-0.005273678
-0.010262627
-0.006040056
-0.018517893
-0.120155446
-0.0050308863
-0.057170175
-0.008087682
-0.006054095
-0.12251223
-0.23532042
-0.025915151
-0.0052718977
-0.1857899
-0.22252315
-0.1390786
-0.080196634
-0.16863468
-0.0041595837
-0.006184616
-0.004694705
-0.047559686
-0.005668615
-0.054825384
-0.0048019774
-0.16714759
-0.06956322
-0.031059114
-0.008388663
-0.005657979
-0.16890688
-0.10762483
-0.0046879416
-0.06395207
-0.049901202
-0.03255409
-0.0067019137
-0.085892715
-0.061522417
-0.01748561
-0.0748648
-0.037123185
-0.0083365
-0.09158473
-0.04152869
-0.014677961
-0.12610778
-0.057409164
-0.005585415
-0.0050427746
-0.014621802
-0.007275733
-0.04624342
-0.0045227758
-0.08041085
-0.014677961
-0.09506463
-0.0047952486
-0.091027975
-0.004691114
-0.08285962
-0.077623144
-0.093257785
-0.0053714816
-0.11426654
-0.17161146
-0.0073263296
-0.116572514
-0.058860432
-0.005252493
-0.20961976
-0.07299333
-0.18393506
-0.14761114
-0.19989103
-0.30615196
-0.0046730433
-0.05128484
-0.14173009
-0.00553458
-0.022946876
-0.13559678
-0.027404964
-0.034891106
-0.028245015
-0.0915644
-0.11301541
-0.21602081
-0.070740335
-0.15162408
-0.00434036
-0.028340066
-0.004957646
-0.19742079
-0.18464999
-0.14983018
-0.0043649925
-0.06680536
-0.0048006778
-0.15886869
-0.06148586
-0.035006672
-0.046645224
-0.0040885634
-0.0056474423
-0.12810773
-0.0045246882
-0.060476992
-0.027603088
-0.040685005
-0.09684169
-0.09837994
-0.005480757
-0.10772384
-0.008188304
-0.04110414
-0.12325329
-0.0042693
-0.0069391923
-0.004675451
-0.15060249
-0.044985216
-0.28348652
-0.007141444
-0.10784694
-0.025526749
-0.18729532
-0.005689755
-0.10679247
-0.15446924
-0.044189483
-0.004651633
-0.12071563
-0.17932661
-0.0053097103
-0.06667589
-0.08418323
-0.0053125694
-0.043061122
-0.0067748846
-0.005386449
-0.19276157
-0.005376497
-0.099167205
-0.005012191
-0.07659028
-0.0045774416
-0.111876875
-0.04892378
-0.0051526777
-0.0067748846
-0.0063265343
-0.17526935
-0.14398594
-0.09684341
-0.09519769
-0.0880842
-0.03963052
-0.013767739
-0.028134314
-0.13575909
-0.004496458
-0.005032407
-0.01312708
-0.2087755
-0.072032206
-0.0056406385
-0.0045725247
-0.09378627
-0.0043213596
-0.037703533
-0.008886924
-0.0075475858
-0.13429154
-0.02350946
-0.17499767
-0.011241716
-0.004391785
-0.1971666
-0.1300891
-0.005567884
-0.13740653
-0.021790521
-0.005579601
-0.0052910354
-0.034754544
-0.0056398436
-0.14193355
-0.006054095
-0.098374926
-0.0051752445
-0.004135035
-0.16175848
-0.17870274
-0.08320936
-0.09130626
-0.04598582
-0.012125883
-0.14207488
-0.07655393
-0.005945624
-0.07791491
-0.00419367
-0.16214094
-0.0048356755
-0.14514333
-0.20282893
-0.11141301
-0.15835075
-0.004906604
-0.17328972
-0.053463582
-0.12021464
-0.043967396
-0.06926818
-0.14960001
-0.048448652
-0.009719332
-0.13627365
-0.046086233
-0.10125312
-0.04905758
-0.014677961
-0.08904139
-0.008006945
-0.034133453
-0.11971239
-0.07786959
-0.101297766
-0.033077784
-0.05790761
-0.015898872
-0.11467467
-0.042959772
-0.012424526
-0.14326128
-0.007136732
-0.05682223
-0.004807334
-0.025510907
-0.0045335516
-0.031538837
-0.005863899
-0.10882173
-0.029733248
-0.15646279
-0.06558345
-0.0045108325
-0.032419797
-0.14511134
-0.09545856
-0.18771654
-0.0582113
-0.022878697
-0.105851874
-0.030423213
-0.02004733
-0.08263006
-0.0041745445
-0.014770295
-0.006565628
-0.0922965
-0.0076597547
-0.1273694
-0.06680489
-0.083999135
-0.18435551
-0.04895939
-0.0076597547
-0.08452579
-0.00602087
-0.0060357493
-0.0051959353
-0.0342535
-0.14315642
-0.0972096
-0.126377
-0.071174294
-0.006118837
-0.21016876
-0.028000718
-0.055524707
-0.012125883
-0.08499387
-0.00575838
-0.104631476
-0.04116769
-0.014677961
-0.17221233
-0.0559713
-0.1119397
-0.004012165
-0.27430308
-0.0051899366
-0.00662218
-0.30577347
-0.004458584
-0.26864946
-0.06480013
-0.005841475
-0.004872608
-0.0041762437
-0.006157197
-0.006067753
-0.01677723
-0.036075223
-0.0043641343
-0.17368956
-0.0077776564
-0.11663627
-0.004460173
-0.07695936
-0.035672944
-0.0044707367
-0.15628661
-0.01301302
-0.07312625
-0.0065007736
-0.0059920303
-0.15216734
-0.120884016
-0.01635084
-0.13219263
-0.006290639
-0.006116464
-0.15048236
-0.0061833216
-0.022134352
-0.093989685
-0.017943993
-0.005795924
-0.097127676
-0.0051226085
-0.035218284
-0.17919113
-0.014677961
-0.08154797
-0.004201279
-0.077122025
-0.0055547785
-0.0048578586
-0.16871805
-0.07975492
-0.012110693
-0.21882743
-0.07208635
-0.006054095
-0.0753422
-0.11148667
-0.004657376
-0.0058344556
-0.119697824
-0.0060728365
-0.016349824
-0.12063586
-0.0043641343
-0.11656806
-0.08173705
-0.06331767
-0.0073753363
-0.11486968
-0.02985154
-0.12283463
-0.040261164
-0.017109632
-0.1398781
-0.09017756
-0.16899069
-0.1479824
-0.030814061
-0.03630489
-0.004948508
-0.14591552
-0.0045805974
-0.02868586
-0.022692678
-0.051268756
-0.004948508
-0.012566453
-0.08910615
-0.0849554
-0.1299007
-0.01739939
-0.0073307543
-0.012818824
-0.14415951
-0.006385878
-0.004500594
-0.09342925
-0.0073040053
-0.026441816
-0.09368167
-0.0041864105
-0.11572614
-0.043142773
-0.013797028
-0.12619777
-0.15577452
-0.21627581
-0.109553
-0.039423183
-0.12651026
-0.0053160945
-0.060763963
-0.108607545
-0.0055692336
-0.0056896666
-0.12976228
-0.014677961
-0.08660307
-0.026859974
-0.15008613
-0.045307558
-0.005521696
-0.1830374
-0.006621534
-0.08632892
-0.0058223344
-0.1095855
-0.01331751
-0.044078458
-0.004697275
-0.04192273
-0.28733256
-0.13606778
-0.0045327046
-0.13381632
-0.0045983195
-0.070651084
-0.027332488
-0.16198121
-0.0042456295
-0.0067019137
-0.066270486
-0.01701546
-0.09621929
-0.0053886413
-0.029883157
-0.18375444
-0.048284058
-0.15185766
-0.074182466
-0.006054095
-0.12224029
-0.0047421088
-0.0143487435
-0.05311071
-0.0043641343
-0.077714354
-0.006671169
-0.06366329
-0.04218623
-0.040247623
-0.0060805287
-0.054622173
-0.014677961
-0.17703043
-0.06801701
-0.0069572274
-0.0195363
-0.006665421
-0.014621802
-0.20488778
-0.0045519606
-0.23151177
-0.09771684
-0.004876906
-0.03292677
-0.09661094
-0.07609803
-0.09299672
-0.014677961
-0.13412872
-0.11015944
-0.23807812
-0.06616245
-0.006054095
-0.15183084
-0.004795381
-0.005969492
-0.0400997
-0.022134352
-0.0043641343
-0.051722698
-0.09341915
-0.005616106
-0.2067035
-0.09140901
-0.024123207
-0.0061853486
-0.1228818
-0.0056912457
-0.004588234
-0.15435766
-0.012231682
-0.088199496
-0.0047537605
-0.10361851
-0.020864323
-0.052072357
-0.0043641343
-0.10084741
-0.0042115534
-0.08161358
-0.004284312
-0.006543234
-0.19085728
-0.006505595
-0.12517267
-0.014236331
-0.17459139
-0.093389966
-0.16698185
-0.017204499
-0.11374403
-0.07180032
-0.051536832
-0.007886599
-0.004499826
-0.0055692336
-0.008852595
-0.07782169
-0.0052973563
-0.006505595
-0.17172216
-0.10540624
-0.0688381
-0.005665674
-0.0071883206
-0.12726037
-0.013194758
-0.0068073077
-0.0047123604
-0.11406245
-0.034554135
-0.18139032
-0.006535242
-0.15659845
-0.008006945
-0.06750548
-0.054773528
-0.08447446
-0.0043489104
-0.033927344
-0.22219686
-0.032131277
-0.004401703
-0.015390025
-0.18712093
-0.17219332
-0.047154777
-0.0054272786
-0.094079055
-0.13113336
-0.006412253
-0.12006974
-0.005008982
-0.06236192
-0.0041339146
-0.22617525
-0.0052346974
-0.03618897
-0.004719543
-0.110857315
-0.005640798
-0.03108327
-0.0044818167
-0.08337852
-0.069212236
-0.040341955
-0.0058538294
-0.1468004
-0.023370543
-0.113866046
-0.1245047
-0.005144825
-0.18353944
-0.12677532
-0.07352982
-0.0052942093
-0.0144478055
-0.012867535
-0.17466797
-0.014202462
-0.0057691177
-0.0058537796
-0.005102877
-0.115030825
-0.023508638
-0.0045316136
-0.15640305
-0.07788829
-0.004318182
-0.012113601
-0.0059996815
-0.0060254945
-0.007622028
-0.08444822
-0.047264546
-0.022237338
-0.08362342
-0.033135038
-0.019382482
-0.15739496
-0.10555313
-0.005945624
-0.074672826
-0.0050260504
-0.004811359
-0.19963129
-0.27668396
-0.04801646
-0.010377746
-0.0043610474
-0.12113849
-0.004366684
-0.12819
-0.040403873
-0.017714262
-0.09181521
-0.15075472
-0.0055973227
-0.008115359
-0.13980958
-0.14044356
-0.23029758
-0.09423492
-0.030122405
-0.16193926
-0.008629874
-0.10568162
-0.0068296045
-0.004968574
-0.19047189
-0.008006945
-0.067978315
-0.113674134
-0.0043152054
-0.0067019137
-0.029266093
-0.14117645
-0.03218379
-0.006558703
-0.028853506
-0.14815313
-0.0067576324
-0.005579601
-0.0042386614
-0.13934642
-0.0072929394
-0.12011119
-0.014398144
-0.027435705
-0.0050879526
-0.06360308
-0.011233646
-0.08140348
-0.012131779
-0.04249615
-0.014677961
-0.16198923
-0.1572327
-0.004642818
-0.058477428
-0.0060720886
-0.0042569875
-0.006348601
-0.1640344
-0.07564841
-0.004481808
-0.19693355
-0.0372605
-0.005752482
-0.06467835
-0.005511058
-0.16129735
-0.097875826
-0.00498191
-0.036816474
-0.0040779617
-0.11212631
-0.13263386
-0.014886706
-0.11956806
-0.06896889
-0.004718283
-0.005633383
-0.041593164
-0.004654812
-0.11097721
-0.17090625
-0.047262453
-0.005607489
-0.047369476
-0.16365923
-0.011052735
-0.08391611
-0.21947454
-0.07775602
-0.2210987
-0.0059679057
-0.011895572
-0.11719615
-0.24320178
-0.22046301
-0.016011756
-0.09691854
-0.15496357
-0.005480757
-0.005588884
-0.094336785
-0.008465341
-0.04743729
-0.004424526
-0.11231755
-0.10499274
-0.00480289
-0.1225343
-0.08824843
-0.08509441
-0.0070042093
-0.0056896666
-0.0055692336
-0.13892104
-0.006065794
-0.15060334
-0.006626585
-0.006366901
-0.040479444
-0.0045280647
-0.13923816
-0.028055578
-0.005483467
-0.024808519
-0.34341517
-0.15942416
-0.005180852
-0.03933999
-0.08286526
-0.13641225
-0.13181663
-0.0071973265
-0.04429172
-0.0050306697
-0.20497042
-0.035228364
-0.0152873015
-0.0828469
-0.1752121
-0.0060401065
-0.0088945115
-0.12015504
-0.0906222
-0.09072934
-0.014677961
-0.08964548
-0.15101245
-0.045564383
-0.0045636413
-0.17173824
-0.08871687
-0.08734113
-0.03988675
-0.15683807
-0.03507665
-0.017109632
-0.19359338
-0.08573384
-0.157215
-0.029978437
-0.0693849
-0.026383892
-0.13320044
-0.017093092
-0.12507416
-0.030370764
-0.11555908
-0.0041311025
-0.2447203
-0.005248048
-0.03221954
-0.09824976
-0.17327063
-0.004577183
-0.057587408
-0.09316639
-0.005479843
-0.15768234
-0.0066674924
-0.1182363
-0.022638889
-0.004438967
-0.14979003
-0.14103945
-0.06782297
-0.011933404
-0.005608847
-0.08091155
-0.09889005
-0.0064050243
-0.12837978
-0.005053613
-0.004069821
-0.17498425
-0.029362157
-0.005180852
-0.15769838
-0.1680771
-0.004697275
-0.10666505
-0.21187425
-0.06550526
-0.004664233
-0.15271495
-0.006247087
-0.016255187
-0.07829489
-0.05777622
-0.063003324
-0.12147297
-0.296114
-0.018482849
-0.16795193
-0.007798457
-0.39876097
-0.005963814
-0.15029924
-0.006449082
-0.004934448
-0.22277033
-0.0055945893
-0.2832384
-0.055097368
-0.14565963
-0.11666479
-0.04501608
-0.13148491
-0.020298263
-0.0071228924
-0.10531959
-0.104639865
-0.0047828304
-0.09951112
-0.090872526
-0.20026942
-0.005263919
-0.0056743664
-0.0049373237
-0.04472174
-0.007233142
-0.0056256293
-0.13831587
-0.009579596
-0.016283223
-0.02935993
-0.092576236
-0.0159298
-0.24125868
-0.16805527
-0.07611533
-0.0961677
-0.0066806097
-0.04003587
-0.091838054
-0.0139477
-0.0057736766
-0.07899866
-0.04118646
-0.0049224873
-0.10061873
-0.09923779
-0.13490663
-0.0061963447
-0.046617776
-0.0047299135
-0.04151443
-0.0055458294
-0.01793021
-0.006127267
-0.021202933
-0.0077133975
-0.06320706
-0.17888586
-0.15129167
-0.007914969
-0.111507446
-0.008119322
-0.22012863
-0.022097128
-0.21448265
-0.004674773
-0.05126475
-0.18835473
-0.09111372
-0.008453912
-0.16948035
-0.06900364
-0.06142159
-0.031625908
-0.10194201
-0.23072745
-0.033559896
-0.2570177
-0.26955742
-0.0071059214
-0.19789581
-0.31150985
-0.13505076
-0.1735982
-0.006202822
-0.2079063
-0.022998655
-0.15358196
-0.004990652
-0.034564562
-0.09019789
-0.005595783
-0.005634814
-0.036429994
-0.033019766
-0.005963444
-0.10978281
-0.025541648
-0.0917851
-0.019044131
-0.11044338
-0.022071434
-0.014297426
-0.15442947
-0.0047051404
-0.07954059
-0.12741064
-0.1291429
-0.12718725
-0.029981105
-0.006342365
-0.27337053
-0.06514263
-0.018017549
-0.2565799
-0.04501608
-0.12147297
-0.28921303
-0.08747025
-0.0070412676
-0.0051790294
-0.02716721
-0.009085769
-0.114821404
-0.049491245
-0.0637606
-0.2785128
-0.057110984
-0.04501608
-0.1445673
-0.24341126
-0.12443336
-0.16736196
-0.0064654746
-0.0045233425
-0.074746475
-0.0046679648
-0.022221925
-0.22437595
-0.13931674
-0.07990401
-0.25149363
-0.13248862
-0.1259107
-0.10623852
-0.12288398
-0.12149095
-0.025664316
-0.005657979
-0.24281904
-0.0052416315
-0.10405341
-0.019547218
-0.016452102
-0.11296332
-0.13108057
-0.034794334
-0.13609946
-0.08152271
-0.0045643067
-0.13480942
-0.066826545
-0.0055018584
-0.024202567
-0.2012569
-0.18915479
-0.21686983
-0.0057096626
-0.010239931
-0.1435463
-0.16424757
-0.2529812
-0.030897532
-0.1419074
-0.22094513
-0.02370808
-0.005657979
-0.13884315
-0.08621601
-0.0045588654
-0.011721546
-0.06647562
-0.015634656
-0.019185444
-0.021932894
-0.07026751
-0.02322388
-0.01676769
-0.0056394176
-0.006275429
-0.16690761
-0.2879149
-0.006991157
-0.006635191
-0.02202609
-0.22569999
-0.010247993
-0.03037314
-0.044082247
-0.0094026225
-0.100778624
-0.005359066
-0.005672619
-0.03796549
-0.008733149
-0.03624785
-0.058091998
-0.0055478
-0.07747735
-0.034385122
-0.022881856
-0.013348264
-0.01757874
-0.008120643
-0.14626782
-0.081505194
-0.30248955
-0.008425646
-0.07235657
-0.041736227
-0.0046536988
-0.086465515
-0.15958028
-0.06392648
-0.14828722
-0.038622804
-0.005794315
-0.19762287
-0.15035333
-0.0072626458
-0.13526136
-0.22510152
-0.0048057577
-0.16528276
-0.015843267
-0.006994647
-0.22243445
-0.008302688
-0.1988159
-0.13124685
-0.15584724
-0.011187377
-0.13414043
-0.08405457
-0.17419013
-0.0159298
-0.1110312
-0.13656239
-0.15174292
-0.21488573
-0.0662409
-0.0047977087
-0.0075342744
-0.004860992
-0.05344964
-0.1050891
-0.005778101
-0.008319178
-0.029501906
-0.015840488
-0.06078834
-0.0058108745
-0.18267782
-0.0055623613
-0.09618842
-0.064035624
-0.064035624
-0.1720797
-0.070053875
-0.036684107
-0.1345599
-0.08491941
-0.053264588
-0.010813473
-0.032292746
-0.004697275
-0.034769498
-0.119859435
-0.009792766
-0.07380094
-0.014621802
-0.050437544
-0.21843508
-0.038897514
-0.004980768
-0.005657979
-0.12845342
-0.12766176
-0.009915778
-0.0044907727
-0.07633394
-0.10662112
-0.043624345
-0.16741054
-0.31141335
-0.04090176
-0.0047696177
-0.22537027
-0.018788578
-0.02097328
-0.12926349
-0.044454813
-0.004808641
-0.02373078
-0.0053674844
-0.006678551
-0.1843955
-0.006317401
-0.010662572
-0.22279656
-0.004926427
-0.005328614
-0.026967749
-0.0059721298
-0.0058545815
-0.018881941
-0.028271768
-0.1648153
-0.11130423
-0.0045210724
-0.022136945
-0.005530416
-0.15763718
-0.115387484
-0.14079794
-0.03257065
-0.2335578
-0.29160064
-0.16307619
-0.06167601
-0.10329074
-0.004427409
-0.016341602
-0.07953338
-0.09439763
-0.06573894
-0.009892299
-0.22178157
-0.07460654
-0.04914196
-0.23857695
-0.0149735045
-0.004364783
-0.005969864
-0.028655808
-0.06538681
-0.22333261
-0.21060663
-0.09452329
-0.02584806
-0.19447203
-0.17472307
-0.13080367
-0.0802183
-0.03768572
-0.00667802
-0.016074272
-0.028214969
-0.03223617
-0.0228984
-0.15349872
-0.18311194
-0.06925102
-0.0620821
-0.008738223
-0.13222884
-0.16034223
-0.00449342
-0.006332453
-0.04910183
-0.22394593
-0.0362862
-0.15215789
-0.09201528
-0.0057887365
-0.13383314
-0.2678146
-0.004697135
-0.005747783
-0.17353255
-0.07983168
-0.16110338
-0.0045840265
-0.13732359
-0.019610977
-0.11401929
-0.070360325
-0.2474267
-0.14950894
-0.08848429
-0.15878315
-0.21857542
-0.17883648
-0.1922394
-0.13116671
-0.26541227
-0.19417718
-0.20364077
-0.011149704
-0.01764726
-0.14133814
-0.0043019056
-0.08980008
-0.09921342
-0.3406257
-0.13618705
-0.119801976
-0.1935083
-0.19037287
-0.102920294
-0.05396297
-0.23583935
-0.010084596
-0.02909826
-0.11371769
-0.19467737
-0.23567753
-0.1658311
-0.0045856857
-0.09460614
-0.33998367
-0.04008788
-0.24430616
-0.1826873
-0.020991284
-0.061248288
-0.096442595
-0.083930746
-0.13351431
-0.048757393
-0.0050677173
-0.017035203
-0.1191038
-0.004527122
-0.01915195
-0.25486138
-0.17391083
-0.19243428
-0.004553071
-0.039633963
-0.006622565
-0.04180953
-0.011341561
-0.013958674
-0.26597133
-0.18198936
-0.004314117
-0.013751836
-0.08414538
-0.17596866
-0.114764825
-0.037035618
-0.26857805
-0.18694566
-0.11217852
-0.21038622
-0.09866981
-0.17669629
-0.17126882
-0.0056679416
-0.0045170486
-0.035724718
-0.04707334
-0.20360105
-0.21539105
-0.026046798
-0.16778402
-0.0772924
-0.006486869
-0.06913147
-0.0045301453
-0.035576303
-0.1327939
-0.30919436
-0.12296103
-0.0954421
-0.042263042
-0.25781924
-0.25621492
-0.035907272
-0.031377256
-0.004700623
-0.005747783
-0.039265774
-0.006622565
-0.039518274
-0.004638115
-0.005115207
-0.06398448
-0.0077919797
-0.04949017
-0.05315694
-0.10171144
-0.18179823
-0.11287332
-0.066963606
-0.16382942
-0.06757755
-0.2645061
-0.014946753
-0.043252528
-0.24743596
-0.083481714
-0.06382994
-0.17035003
-0.16517143
-0.0048951725
-0.08210265
-0.00842909
-0.21793583
-0.076077476
-0.029549176
-0.00434999
-0.04152865
-0.13963929
-0.16264398
-0.13150388
-0.0047974833
-0.005747783
-0.07277771
-0.03286108
-0.15442927
-0.098529704
-0.061133802
-0.095290326
-0.05165804
-0.14501101
-0.030375509
-0.005250463
-0.004418544
-0.16682322
-0.20673545
-0.118284635
-0.07231662
-0.062482286
-0.05162835
-0.19067515
-0.048480473
-0.1041823
-0.03801605
-0.004552768
-0.0054483362
-0.005747783
-0.16485055
-0.021178357
-0.051163428
-0.004335333
-0.13732359
-0.14741494
-0.09351296
-0.009985875
-0.13693255
-0.029463561
-0.05879388
-0.062478755
-0.006277782
-0.005987625
-0.029046617
-0.060727973
-0.012437102
-0.0066893995
-0.0077919797
-0.23555686
-0.00758786
-0.074927434
-0.004612962
-0.0062974426
-0.15264553
-0.28199163
-0.09764731
-0.21517256
-0.35002518
-0.024185061
-0.004817279
-0.04411714
-0.0068671308
-0.013597149
-0.005846222
-0.07076781
-0.0043552024
-0.0052446504
-0.14741494
-0.09351296
-0.018888902
-0.21815228
-0.24277382
-0.025143726
-0.004919834
-0.005617684
-0.06647206
-0.022254046
-0.023420824
-0.040832344
-0.007045313
-0.09014864
-0.008419288
-0.019579668
-0.0069947797
-0.09431376
-0.03244914
-0.0050226166
-0.010632558
-0.0062792553
-0.014924278
-0.041587453
-0.09835812
-0.078619
-0.19036798
-0.030242449
-0.30023277
-0.0044703437
-0.0048435624
-0.099737965
-0.0073897233
-0.24529251
-0.22677936
-0.066349976
-0.09059497
-0.06312738
-0.016641958
-0.11770333
-0.116131805
-0.15784852
-0.0052573634
-0.14146307
-0.18697287
-0.12286042
-0.31670368
-0.013814483
-0.025424164
-0.0054491386
-0.20388587
-0.048531123
-0.005207501
-0.0064281435
-0.026231248
-0.2957475
-0.021541968
-0.21014781
-0.2646512
-0.27381995
-0.004919834
-0.07748456
-0.12478685
-0.004304999
-0.039059304
-0.26053044
-0.20479088
-0.008250478
-0.016758787
-0.15960644
-0.2037771
-0.13554163
-0.004753132
-0.005747783
-0.08081565
-0.04552293
-0.045397226
-0.031649746
-0.04307538
-0.06339633
-0.26676455
-0.31272566
-0.2596307
-0.0059824064
-0.004441339
-0.016641958
-0.11770333
-0.11064326
-0.15784852
-0.26292083
-0.0052573634
-0.17840508
-0.18697287
-0.11888672
-0.31670368
-0.013814483
-0.014561904
-0.0058526997
-0.05259197
-0.005207501
-0.0064281435
-0.034211323
-0.0671795
-0.014586506
-0.11534096
-0.2248098
-0.15135159
-0.05068674
-0.06262388
-0.05740228
-0.012846064
-0.011654951
-0.0061227614
-0.006853232
-0.006392951
-0.004521542
-0.0062974426
-0.1423296
-0.019279217
-0.24558192
-0.08545866
-0.17002589
-0.19668022
-0.28146526
-0.028687518
-0.019286636
-0.004843914
-0.004367819
-0.0052446504
-0.035724718
-0.04707334
-0.20360105
-0.05563961
-0.05751978
-0.0045301453
-0.014937435
-0.024881668
-0.009461614
-0.005752837
-0.065691024
-0.19303277
-0.2104168
-0.05051344
-0.13295421
-0.052847307
-0.004307783
-0.019634578
-0.14848845
-0.025097493
-0.0057995105
-0.08536641
-0.02600665
-0.018136092
-0.047242362
-0.005616106
-0.07369577
-0.028773155
-0.14846072
-0.20059636
-0.20191242
-0.11284379
-0.23172219
-0.092373185
-0.0059996014
-0.013540107
-0.007171618
-0.0064281435
-0.12682156
-0.24564432
-0.00555002
-0.0049423417
-0.025887921
-0.15465702
-0.122996785
-0.19281179
-0.02498943
-0.16584077
-0.02351362
-0.1924213
-0.008737471
-0.047763273
-0.03976014
-0.056066442
-0.33169192
-0.16508357
-0.0058431863
-0.19221917
-0.006500274
-0.015514007
-0.07517641
-0.12142816
-0.006353085
-0.04520578
-0.09681626
-0.2019587
-0.11597316
-0.0063608293
-0.11355371
-0.1571967
-0.004994552
-0.14548941
-0.043013416
-0.006110674
-0.0043737493
-0.011439041
-0.18206999
-0.10265859
-0.053342637
-0.004697275
-0.10882567
-0.1888655
-0.004703373
-0.07848583
-0.21401252
-0.021779913
-0.006661867
-0.11549926
-0.14411063
-0.008583742
-0.014164539
-0.007171618
-0.0064281435
-0.024632767
-0.014276328
-0.09943069
-0.016860954
-0.065818265
-0.020226585
-0.009049492
-0.06547159
-0.24575138
-0.09306552
-0.06910325
-0.14932972
-0.0055746348
-0.005752482
-0.28270763
-0.31918633
-0.058068786
-0.0051135626
-0.2741774
-0.031057745
-0.004697275
-0.10375565
-0.05845527
-0.004971654
-0.15046118
-0.009586777
-0.15079068
-0.007378716
-0.085525304
-0.1563276
-0.005082532
-0.12908526
-0.052416537
-0.13369463
-0.005353417
-0.0056744665
-0.14492995
-0.22151576
-0.12308809
-0.043662272
-0.004800334
-0.15056527
-0.22264178
-0.034322105
-0.004882754
-0.039798703
-0.16199806
-0.08013651
-0.11103601
-0.0069818893
-0.16991517
-0.021791719
-0.004790595
-0.15351479
-0.1080441
-0.08050455
-0.06326871
-0.09244088
-0.016639678
-0.0054446636
-0.059361935
-0.004589772
-0.024195341
-0.11132362
-0.016220905
-0.11964172
-0.005555143
-0.011845968
-0.0053285165
-0.09805252
-0.0043637753
-0.006818307
-0.0045239194
-0.31139463
-0.06689158
-0.010915556
-0.006427011
-0.005890601
-0.021168262
-0.10528867
-0.009463784
-0.021785654
-0.04157347
-0.10500316
-0.0050641974
-0.103287585
-0.021105828
-0.006494383
-0.17560107
-0.013312525
-0.0055317953
-0.076220326
-0.0571972
-0.0050624125
-0.15539573
-0.013643837
-0.09167705
-0.29956985
-0.044620622
-0.26273006
-0.0068410453
-0.052020583
-0.0056641297
-0.005782533
-0.16372627
-0.038323782
-0.004985486
-0.04020053
-0.0070306724
-0.020052053
-0.1734214
-0.2069973
-0.026420683
-0.004590819
-0.15000114
-0.055812914
-0.02845947
-0.01251212
-0.021956913
-0.025670344
-0.007229249
-0.005594412
-0.18475804
-0.1269052
-0.058999617
-0.004346426
-0.02225171
-0.32317972
-0.01746617
-0.0058807866
-0.004823845
-0.007165665
-0.15526134
-0.2332555
-0.006655991
-0.004391897
-0.15076266
-0.09478641
-0.00505075
-0.08851127
-0.018323695
-0.090523474
-0.12120109
-0.029029906
-0.004596626
-0.0072462833
-0.19675347
-0.024201488
-0.1425877
-0.052631434
-0.011924744
-0.013850735
-0.08251603
-0.13789108
-0.006893786
-0.006377649
-0.10986324
-0.09744708
-0.1153172
-0.0066466318
-0.1562407
-0.008792603
-0.054102525
-0.10011314
-0.0052144015
-0.23103307
-0.01390087
-0.27784437
-0.034014534
-0.020298958
-0.1355343
-0.0055959728
-0.1899676
-0.22598231
-0.03184349
-0.045134123
-0.004460889
-0.018432423
-0.053803697
-0.011687117
-0.19346999
-0.0046417704
-0.08714472
-0.03103716
-0.10567579
-0.0057051093
-0.121664636
-0.0056786
-0.08963134
-0.0051840506
-0.15911534
-0.08831833
-0.007005875
-0.14551295
-0.10795193
-0.1326925
-0.011222722
-0.100921646
-0.0486502
-0.0049395645
-0.0102071855
-0.0108443005
-0.1943049
-0.0050519723
-0.14719224
-0.020792423
-0.110631876
-0.085179195
-0.0068321903
-0.0056255665
-0.0043000523
-0.0059320736
-0.04867082
-0.12022288
-0.006879059
-0.0055146418
-0.0046345983
-0.018831842
-0.061414175
-0.0058108745
-0.11044187
-0.0055623613
-0.08743675
-0.0060616634
-0.17696382
-0.09283132
-0.18240412
-0.010673497
-0.014884057
-0.12812835
-0.006151265
-0.063924745
-0.041034702
-0.019085744
-0.04205776
-0.014621802
-0.122673854
-0.004179916
-0.27484304
-0.1115606
-0.03794021
-0.0053819367
-0.075975485
-0.32289058
-0.025676545
-0.028550811
-0.0052458234
-0.006069509
-0.0059019243
-0.04927509
-0.31093526
-0.04501608
-0.14159636
-0.016278932
-0.004773904
-0.0136875855
-0.037190504
-0.06351034
-0.060504075
-0.022418065
-0.03312969
-0.056517784
-0.00482638
-0.14808604
-0.0758957
-0.12947802
-0.06306452
-0.007082964
-0.020811683
-0.099416226
-0.07000148
-0.18017057
-0.050703287
-0.004763445
-0.071421236
-0.0890123
-0.0047786334
-0.16719666
-0.022222001
-0.02078151
-0.06304949
-0.12135814
-0.014621802
-0.004732721
-0.11048573
-0.047470294
-0.08063238
-0.049757287
-0.005205452
-0.010795479
-0.060123578
-0.058710508
-0.1635699
-0.008602443
-0.008799109
-0.01899042
-0.0135598555
-0.0057061566
-0.03142642
-0.15737036
-0.09873499
-0.004486322
-0.06555308
-0.03315336
-0.09676003
-0.004625636
-0.10971788
-0.08440559
-0.020042608
-0.22145107
-0.07846389
-0.019547218
-0.019129332
-0.006127267
-0.021202933
-0.08286837
-0.12828225
-0.054750714
-0.1555073
-0.0045807688
-0.012950579
-0.031188685
-0.25136015
-0.19646339
-0.0056963596
-0.16667454
-0.109265395
-0.15544325
-0.1557378
-0.15620275
-0.15581897
-0.054733556
-0.0058611305
-0.013545599
-0.0055317953
-0.1982401
-0.020129366
-0.044652868
-0.0049488777
-0.11148003
-0.19880809
-0.10269082
-0.005573212
-0.005114362
-0.0046969857
-0.0054853354
-0.0069952747
-0.0071027777
-0.2260012
-0.23390475
-0.0066387835
-0.09648552
-0.004890802
-0.12845342
-0.12766176
-0.016003232
-0.10842593
-0.005998686
-0.17127687
-0.28789568
-0.046957556
-0.04564579
-0.005657979
-0.13246042
-0.025681445
-0.01761692
-0.10145361
-0.08463175
-0.21317564
-0.009642558
-0.15388298
-0.11186653
-0.009465482
-0.22341219
-0.11209455
-0.01388019
-0.04242038
-0.29044074
-0.018968586
-0.22409572
-0.00694723
-0.1449283
-0.07433029
-0.061923474
-0.0057586427
-0.039368074
-0.007373684
-0.039914764
-0.14349529
-0.033747897
-0.10739694
-0.2431878
-0.0057131113
-0.010094819
-0.039431185
-0.07897121
-0.28311428
-0.006260952
-0.13033293
-0.005114404
-0.045775954
-0.05907435
-0.10579729
-0.10821157
-0.024604872
-0.006056512
-0.005749674
-0.11180046
-0.016975027
-0.035471212
-0.0047064167
-0.028245015
-0.09736752
-0.024741834
-0.004719995
-0.030159755
-0.018157832
-0.0050311354
-0.15363558
-0.12460216
-0.12739378
-0.020037523
-0.076396465
-0.004441335
-0.100609034
-0.14717542
-0.0073678764
-0.02750761
-0.14957446
-0.22159415
-0.03602054
-0.0055146418
-0.004623813
-0.10774493
-0.0056787445
-0.11495739
-0.06763391
-0.0048093856
-0.0259484
-0.04645167
-0.030165644
-0.07836598
-0.06938658
-0.0054267757
-0.09333159
-0.13782056
-0.0632339
-0.11952013
-0.11191013
-0.104861654
-0.13268812
-0.009842325
-0.08276868
-0.008852666
-0.09558012
-0.07895975
-0.09947721
-0.06650197
-0.12548344
-0.039754026
-0.09560195
-0.005412468
-0.15854561
-0.09381214
-0.05670841
-0.0063743987
-0.13168257
-0.18428676
-0.0159298
-0.11316317
-0.033532474
-0.005322521
-0.08818002
-0.0044397856
-0.18720117
-0.113941304
-0.115872666
-0.022204455
-0.14954162
-0.15465796
-0.005673483
-0.075359985
-0.013503121
-0.1473163
-0.013252387
-0.016425185
-0.14245424
-0.010930008
-0.20967296
-0.1982359
-0.007196813
-0.012239876
-0.03748079
-0.15200467
-0.00495457
-0.12669772
-0.04556913
-0.0068710656
-0.08425122
-0.054108422
-0.017911706
-0.083029285
-0.009975141
-0.14519891
-0.20915994
-0.018604523
-0.049175307
-0.005177075
-0.10121171
-0.03751776
-0.013449146
-0.06160055
-0.17847629
-0.16601829
-0.18543622
-0.13939993
-0.042753696
-0.004804126
-0.10578039
-0.0044396766
-0.21029472
-0.31882164
-0.19594747
-0.0058807866
-0.013312525
-0.0055317953
-0.1339985
-0.0219228
-0.04625543
-0.08158661
-0.010283288
-0.0067761084
-0.005310838
-0.04692652
-0.034078
-0.08192382
-0.06694406
-0.111451626
-0.18133567
-0.16064426
-0.0045513636
-0.10868303
-0.19739321
-0.15550964
-0.27528575
-0.20138933
-0.22215222
-0.13232625
-0.0057384213
-0.004925993
-0.06278966
-0.004318276
-0.089851975
-0.029480852
-0.15557247
-0.00460443
-0.06917713
-0.23715188
-0.14035222
-0.2897473
-0.23537399
-0.122398
-0.04260745
-0.11061704
-0.085508265
-0.021854822
-0.15660319
-0.02267558
-0.004631462
-0.15465058
-0.19384207
-0.004446668
-0.056884516
-0.00515989
-0.0055574365
-0.28303042
-0.009830979
-0.05205509
-0.010588093
-0.0064468873
-0.02559658
-0.0068721604
-0.0056435373
-0.07422533
-0.1635042
-0.00531377
-0.12203153
-0.023011943
-0.0159298
-0.06781432
-0.07174453
-0.0071007605
-0.11134622
-0.04458331
-0.016775591
-0.11623522
-0.005926421
-0.019391166
-0.17131267
-0.005657979
-0.09278075
-0.10648164
-0.04920951
-0.0052734497
-0.06854498
-0.23437798
-0.07691431
-0.0053421035
-0.023543919
-0.0049064094
-0.02931213
-0.12651294
-0.27256325
-0.075036325
-0.0057660947
-0.117808074
-0.040402472
-0.14178893
-0.29919446
-0.15952079
-0.06657607
-0.005657979
-0.0928371
-0.037018925
-0.076103345
-0.13186152
-0.004798712
-0.118700944
-0.005657979
-0.020823047
-0.031642046
-0.012221694
-0.122800805
-0.0046779625
-0.09635881
-0.077019244
-0.035455447
-0.0062860167
-0.033656172
-0.011136501
-0.058686096
-0.020050066
-0.106566444
-0.14157751
-0.0051081465
-0.2255746
-0.048500862
-0.23005053
-0.030914562
-0.19416946
-0.17823558
-0.0058368333
-0.0048989723
-0.09906694
-0.18983835
-0.0043268953
-0.19146234
-0.09586543
-0.096021205
-0.09353778
-0.029417474
-0.141656
-0.00789434
-0.0062745675
-0.06799159
-0.044060167
-0.009002502
-0.006025762
-0.03218069
-0.16413468
-0.30219933
-0.09565098
-0.004502348
-0.07048037
-0.1953497
-0.105752036
-0.043109484
-0.006680332
-0.010846288
-0.019906526
-0.03393927
-0.05480233
-0.006059676
-0.03817402
-0.10332021
-0.06000081
-0.006054095
-0.008096955
-0.0050403103
-0.13691165
-0.006847467
-0.016297242
-0.117521085
-0.023434917
-0.0159298
-0.01745539
-0.10194338
-0.023155803
-0.10498164
-0.0048951283
-0.20929916
-0.115386225
-0.006868853
-0.0052591837
-0.014621802
-0.018433128
-0.081756294
-0.06897409
-0.00432578
-0.21538562
-0.093916275
-0.17612842
-0.2785883
-0.006983453
-0.006358134
-0.005657979
-0.11289381
-0.032567486
-0.0052511417
-0.08457809
-0.006913115
-0.08556538
-0.011830372
-0.29140708
-0.0060733827
-0.00449405
-0.064193405
-0.044996403
-0.038354438
-0.1749147
-0.004470303
-0.010652914
-0.13714248
-0.22119112
-0.005328748
-0.105201356
-0.04904124
-0.0058572507
-0.22754061
-0.28729132
-0.038701337
-0.004843048
-0.22190876
-0.016686924
-0.0059764087
-0.18012682
-0.13819413
-0.007889316
-0.018067025
-0.0058334186
-0.004530243
-0.19422635
-0.013280489
-0.04509127
-0.08044621
-0.1460761
-0.030253334
-0.006593307
-0.0056950664
-0.057710912
-0.00559596
-0.13200255
-0.07496325
-0.004637408
-0.0061408877
-0.25712195
-0.12849605
-0.11954471
-0.09755901
-0.0066147046
-0.0353746
-0.040686116
-0.27434966
-0.0065315613
-0.011187696
-0.075774096
-0.00636055
-0.15250473
-0.16307737
-0.022456326
-0.0052303155
-0.0049536256
-0.0063265343
-0.012906092
-0.16225332
-0.15658
-0.07701667
-0.004766899
-0.12990281
-0.14183205
-0.006054095
-0.2145586
-0.0050070286
-0.17286785
-0.0067763356
-0.121063754
-0.007023313
-0.0138689345
-0.004628004
-0.0061978525
-0.017115831
-0.10957525
-0.21592444
-0.20824301
-0.084268615
-0.084495515
-0.004665593
-0.076805785
-0.1396256
-0.007476873
-0.18863845
-0.004640784
-0.10786089
-0.076650575
-0.14071277
-0.0073263296
-0.012882405
-0.0068015517
-0.024210865
-0.005423892
-0.014246379
-0.084552445
-0.11315352
-0.088345535
-0.004485786
-0.12430015
-0.04741473
-0.0051935706
-0.12706706
-0.043775298
-0.0058657634
-0.08478192
-0.22010311
-0.004987525
-0.0148214325
-0.005225418
-0.0938074
-0.085388444
-0.028533967
-0.004909445
-0.005769581
-0.0057380986
-0.18126336
-0.14971526
-0.25863495
-0.1806445
-0.013540107
-0.007171618
-0.0064281435
-0.17240906
-0.053001396
-0.005657979
-0.1723571
-0.16376618
-0.1456133
-0.021483064
-0.0045209243
-0.0058214054
-0.015979253
-0.20614083
-0.20993112
-0.01256438
-0.22139715
-0.01648992
-0.006851098
-0.08353891
-0.0056556268
-0.17348789
-0.16256061
-0.004687922
-0.014353792
-0.0055317953
-0.092098854
-0.13188234
-0.0064338003
-0.053691786
-0.044356074
-0.01582796
-0.030499855
-0.0058729514
-0.103235446
-0.0650098
-0.15097116
-0.041813456
-0.0048800875
-0.0742318
-0.06574749
-0.07272967
-0.005657979
-0.16129923
-0.063249245
-0.016193999
-0.06395241
-0.16010372
-0.027638484
-0.12145676
-0.014896208
-0.014621802
-0.10341212
-0.03228709
-0.01945902
-0.0053185
-0.13337165
-0.08566017
-0.01065233
-0.092763975
-0.005382006
-0.019052401
-0.093672805
-0.05250717
-0.0059971227
-0.0995776
-0.13021012
-0.00566816
-0.031720825
-0.10927482
-0.03861237
-0.1357309
-0.0051867673
-0.03512673
-0.0905133
-0.15090181
-0.005344444
-0.013497825
-0.24675266
-0.11523344
-0.03434695
-0.004802847
-0.106648065
-0.16522361
-0.024252176
-0.21835771
-0.0541938
-0.0045785867
-0.121204995
-0.009094666
-0.0756537
-0.077950776
-0.13453406
-0.15061545
-0.016546614
-0.011440636
-0.09255025
-0.105104335
-0.005657979
-0.17512502
-0.017707694
-0.09989175
-0.034618936
-0.0340377
-0.24961911
-0.006824752
-0.04481648
-0.0159298
-0.013042361
-0.13453765
-0.08219547
-0.27488542
-0.17766903
-0.008826199
-0.006025762
-0.005657979
-0.13491741
-0.0050529097
-0.2532516
-0.16292328
-0.12831002
-0.042136062
-0.004753805
-0.21464674
-0.0051249736
-0.1341372
-0.28537577
-0.006464817
-0.0064643007
-0.205018
-0.13050398
-0.22307217
-0.0155244805
-0.15530008
-0.2767457
-0.04642235
-0.0051721344
-0.018967306
-0.00674514
-0.0062911105
-0.008585625
-0.07636955
-0.12145025
-0.056510523
-0.004746595
-0.086241275
-0.15696578
-0.07690436
-0.0067172484
-0.16663378
-0.30737492
-0.18954508
-0.21515109
-0.0054972945
-0.020724216
-0.005413222
-0.11118733
-0.006335652
-0.0065311003
-0.006391827
-0.0048941416
-0.005315739
-0.0054806494
-0.005727469
-0.22467199
-0.15516451
-0.11175899
-0.27383873
-0.005561041
-0.12816523
-0.009631175
-0.007171618
-0.0064281435
-0.20053037
-0.0045595323
-0.074343406
-0.06378045
-0.23943248
-0.12615524
-0.10085188
-0.06435358
-0.0063986387
-0.00790934
-0.006031119
-0.010159468
-0.035668034
-0.0159298
-0.19345313
-0.02497103
-0.015137203
-0.11173121
-0.127804
-0.0046624034
-0.02202609
-0.22569999
-0.010247993
-0.09950339
-0.1617745
-0.30219933
-0.17649634
-0.02296743
-0.005012429
-0.02853724
-0.032745905
-0.008715651
-0.05148143
-0.0060881353
-0.0052059055
-0.085142955
-0.005657979
-0.01922238
-0.11077195
-0.17638472
-0.08813849
-0.012590297
-0.27359074
-0.0060684327
-0.037479643
-0.01041193
-0.014338472
-0.005748647
-0.03974514
-0.17540354
-0.12736006
-0.004747205
-0.0159298
-0.022315815
-0.12717877
-0.10305523
-0.19335419
-0.04233883
-0.12895057
-0.0051367185
-0.061525635
-0.119707294
-0.14789411
-0.0049954937
-0.0058725826
-0.02554055
-0.004697275
-0.117279194
-0.108669795
-0.18415205
-0.006257817
-0.011365093
-0.11491023
-0.08274315
-0.0047520963
-0.088067494
-0.0670189
-0.08434046
-0.11078593
-0.0058034984
-0.0047278926
-0.08213775
-0.0094136605
-0.13972118
-0.21558635
-0.005088746
-0.014888462
-0.11888054
-0.0059996014
-0.013312525
-0.0055317953
-0.107965164
-0.0057895775
-0.021446299
-0.013046857
-0.014929111
-0.14212574
-0.0049907435
-0.005657979
-0.013628852
-0.017442644
-0.29548973
-0.13162656
-0.008468349
-0.29154179
-0.01660049
-0.0057015745
-0.0048257797
-0.010093511
-0.07889408
-0.04588936
-0.19284676
-0.24474059
-0.10038479
-0.022848405
-0.0064030513
-0.031301
-0.07107192
-0.1883732
-0.036465086
-0.2108699
-0.0095789945
-0.2727668
-0.0063569252
-0.22116008
-0.16579305
-0.1874978
-0.004644983
-0.020376682
-0.005657979
-0.13029785
-0.004931537
-0.0063463384
-0.004756281
-0.11953519
-0.110760145
-0.129112
-0.07553158
-0.18627395
-0.09824509
-0.0053608925
-0.005567842
-0.005615948
-0.060822733
-0.005657979
-0.1321989
-0.15120596
-0.0056216326
-0.23124932
-0.019087696
-0.045252398
-0.14682354
-0.015052349
-0.115847215
-0.051374417
-0.0051098107
-0.07054505
-0.31537053
-0.029227033
-0.017928097
-0.1009278
-0.09594995
-0.004240856
-0.27657193
-0.22244124
-0.006148642
-0.023579184
-0.0058807866
-0.01055092
-0.18288863
-0.19942321
-0.027374601
-0.0053608357
-0.0045651486
-0.038395826
-0.023912037
-0.004927001
-0.03117099
-0.17168337
-0.040290486
-0.0057605896
-0.011653945
-0.0053735385
-0.03384671
-0.101843275
-0.005470895
-0.016893335
-0.068409726
-0.004983334
-0.103142045
-0.006127267
-0.021202933
-0.0077133975
-0.2302215
-0.008119322
-0.014553396
-0.03626865
-0.38618478
-0.099107526
-0.08180114
-0.004697275
-0.019457046
-0.12497739
-0.06563365
-0.005657979
-0.16517617
-0.005875629
-0.005067978
-0.17681047
-0.005742986
-0.028653549
-0.10203718
-0.21589854
-0.009259007
-0.02315159
-0.023059187
-0.033802547
-0.052036375
-0.14998427
-0.0046076244
-0.13200255
-0.059799578
-0.004637408
-0.05817752
-0.06848936
-0.020052053
-0.009868136
-0.004751871
-0.11228302
-0.14595918
-0.0051081465
-0.1650691
-0.10843334
-0.15637204
-0.005330845
-0.18688324
-0.18695296
-0.0059996014
-0.013312525
-0.0055317953
-0.07048083
-0.07834196
-0.09002585
-0.248543
-0.23106608
-0.13653624
-0.15269472
-0.19465779
-0.0046988693
-0.08956967
-0.0055712326
-0.005047003
-0.0057035033
-0.011707285
-0.1467917
-0.020558154
-0.03192121
-0.27806544
-0.007080144
-0.040453855
-0.09033792
-0.17990282
-0.136184
-0.0054672523
-0.124066666
-0.004770324
-0.09837392
-0.1756494
-0.25722662
-0.014829538
-0.004758955
-0.073032625
-0.11259692
-0.13545649
-0.08256115
-0.20274912
-0.066850364
-0.118505515
-0.077662125
-0.15435776
-0.14576052
-0.004534045
-0.01741868
-0.022452084
-0.1415608
-0.094125405
-0.010198092
-0.070964694
-0.1233683
-0.11791061
-0.045627255
-0.015356543
-0.0046779625
-0.11387213
-0.23155975
-0.050331503
-0.18150383
-0.010323332
-0.015097102
-0.1436671
-0.16730964
-0.14141859
-0.0852839
-0.010398164
-0.006906724
-0.009536316
-0.15618001
-0.06385133
-0.078156345
-0.050712246
-0.14240699
-0.15461223
-0.11225432
-0.006008346
-0.03576622
-0.09626349
-0.3354738
-0.14344825
-0.046793986
-0.0048912256
-0.19597885
-0.13248996
-0.092457175
-0.18496786
-0.18551324
-0.006412265
-0.117584534
-0.0040345793
-0.006412265
-0.07878759
-0.026724756
-0.019590035
-0.13748714
-0.11987398
-0.037938148
-0.17432438
-0.08107193
-0.107824154
-0.009146369
-0.004399589
-0.18370403
-0.10577395
-0.17565687
-0.28100225
-0.16547616
-0.13140754
-0.10199617
-0.17773211
-0.0058788164
-0.14425746
-0.035619136
-0.12194382
-0.14324853
-0.15838277
-0.2721534
-0.008246477
-0.24178943
-0.0055863354
-0.08371994
-0.16489427
-0.0043977043
-0.004175879
-0.10273975
-0.0054300334
-0.07985022
-0.006899421
-0.079110116
-0.068866156
-0.0060014413
-0.006118266
-0.17969088
-0.149674
-0.21079843
-0.24395397
-0.009506472
-0.19219762
-0.15180722
-0.1571867
-0.29741496
-0.04702696
-0.17019014
-0.10599829
-0.03679183
-0.08539338
-0.13352965
-0.26147974
-0.18492614
-0.056148056
-0.0066903513
-0.051334366
-0.068529986
-0.0068760966
-0.039548893
-0.13258746
-0.18317097
-0.023958784
-0.16294284
-0.30808717
-0.3181409
-0.32528508
-0.22016662
-0.0057680905
-0.040008835
-0.189025
-0.09778762
-0.0068785925
-0.06680494
-0.016657103
-0.07366681
-0.050774667
-0.011915204
-0.15920836
-0.035192937
-0.08552064
-0.124853574
-0.0047149314
-0.1194895
-0.15801561
-0.18362968
-0.0047777905
-0.27114618
-0.0072288415
-0.12748566
-0.16561744
-0.24898359
-0.19344036
-0.08503638
-0.21225365
-0.17125423
-0.005563744
-0.008639736
-0.012125971
-0.15652964
-0.05210455
-0.11496817
-0.0057131113
-0.02783447
-0.011060358
-0.08703677
-0.18275416
-0.04928892
-0.16978224
-0.09358107
-0.13599941
-0.1394856
-0.10222484
-0.0070431745
-0.103443176
-0.2136944
-0.11991974
-0.11224442
-0.0790775
-0.0057254825
-0.0068410453
-0.059712
-0.0062354794
-0.023863096
-0.21183233
-0.1702667
-0.08081098
-0.065625586
-0.007087976
-0.055310596
-0.28078172
-0.20453857
-0.30578318
-0.006419527
-0.14118789
-0.0685645
-0.14991197
-0.118531555
-0.035533708
-0.008764274
-0.0047336626
-0.16302387
-0.09446113
-0.25833523
-0.1852364
-0.12848248
-0.17368789
-0.047790308
-0.1804828
-0.10555418
-0.14968418
-0.17256159
-0.08787806
-0.0053275255
-0.032616828
-0.01795124
-0.00612151
-0.013957162
-0.11174172
-0.0073263296
-0.00959332
-0.06761268
-0.06896589
-0.089816906
-0.0070356717
-0.042228915
-0.29050428
-0.26012793
-0.20262572
-0.30897412
-0.025605531
-0.040446408
-0.02190779
-0.15142153
-0.03629659
-0.08923433
-0.12653437
-0.0058449986
-0.26660135
-0.0066977963
-0.27161026
-0.2755862
-0.004548659
-0.18738604
-0.021182658
-0.018761983
-0.11423188
-0.005717273
-0.12711228
-0.081413284
-0.10806552
-0.039982803
-0.07409749
-0.16366887
-0.15949494
-0.14727972
-0.14981428
-0.15934734
-0.02763506
-0.10804574
-0.12051633
-0.013435138
-0.20510593
-0.1987538
-0.18176995
-0.11469215
-0.013402437
-0.14894778
-0.08435604
-0.06415438
-0.004485129
-0.08678244
-0.052193552
-0.14751998
-0.12808262
-0.04471768
-0.10570173
-0.10190606
-0.1876873
-0.24993663
-0.09740844
-0.2645823
-0.10928627
-0.006173301
-0.004681742
-0.1337119
-0.23909879
-0.14203535
-0.19256932
-0.08349453
-0.1787612
-0.00691323
-0.012749813
-0.20507422
-0.059473835
-0.5404262
-0.10929042
-0.008649257
-0.14354661
-0.014393023
-0.107017346
-0.14630023
-0.04833091
-0.011300327
-0.07252533
-0.3107979
-0.053652477
-0.008520908
-0.16175017
-0.0059180507
-0.0049950676
-0.084624335
-0.08282357
-0.15980606
-0.006241412
-0.008314165
-0.006688585
-0.13579388
-0.2823657
-0.09648927
-0.23219042
-0.0052494877
-0.00573957
-0.21082975
-0.28635326
-0.15063982
-0.08204967
-0.16526093
-0.006525118
-0.09621376
-0.04709718
-0.19736154
-0.13187855
-0.007996702
-0.18094732
-0.0061001233
-0.13143076
-0.0054288465
-0.14624712
-0.009595827
-0.32482904
-0.009292644
-0.13403861
-0.13094676
-0.13930108
-0.15088981
-0.115821406
-0.22302268
-0.100261144
-0.007656782
-0.13374917
-0.0073010987
-0.11244428
-0.059896607
-0.066799805
-0.014448211
-0.0057660025
-0.15447967
-0.20588341
-0.023721285
-0.1889376
-0.11182374
-0.067339845
-0.007704828
-0.11464016
-0.15740947
-0.18526842
-0.009914869
-0.0046057627
-0.1365572
-0.006464262
-0.19445108
-0.18566841
-0.0067583164
-0.23693271
-0.0057101212
-0.17211322
-0.1230213
-0.16374338
-0.18838862
-0.01951094
-0.2938161
-0.02052511
-0.1483471
-0.008428085
-0.007413411
-0.22511688
-0.006055073
-0.006113678
-0.22500709
-0.0055752834
-0.2901929
-0.0057236534
-0.018928707
-0.079317935
-0.13122196
-0.14661157
-0.104846485
-0.23803908
-0.12444359
-0.1831287
-0.0056363745
-0.012291901
-0.015464129
-0.0055234977
-0.14549954
-0.10130116
-0.19329515
-0.15810148
-0.24689625
-0.14726059
-0.16397567
-0.008479834
-0.2050169
-0.23652522
-0.14423165
-0.005787257
-0.011076401
-0.18071626
-0.2350987
-0.2066381
-0.21027303
-0.120778754
-0.1600828
-0.028245015
-0.028186083
-0.12369451
-0.0076049515
-0.024605291
-0.18911715
-0.0395988
-0.1663419
-0.13765265
-0.025051305
-0.07047121
-0.04573018
-0.07286713
-0.11459443
-0.123468645
-0.049823686
-0.1926214
-0.05832064
-0.04525227
-0.0043452173
-0.17928052
-0.0060694516
-0.07669119
-0.16339774
-0.09784964
-0.07332922
-0.034167413
-0.23521131
-0.00486336
-0.044955574
-0.16916405
-0.06419666
-0.06487986
-0.15004253
-0.27760813
-0.112493746
-0.14898166
-0.1562422
-0.1301128
-0.110310495
-0.0061140917
-0.1756114
-0.005519898
-0.2886595
-0.081790335
-0.22457814
-0.085712075
-0.006939778
-0.0059996014
-0.0057535213
-0.013147951
-0.007171618
-0.0064281435
-0.17104048
-0.01644361
-0.24577999
-0.16209881
-0.23181924
-0.33610296
-0.042596675
-0.13571773
-0.24611457
-0.09983566
-0.13240066
-0.010676829
-0.14789729
-0.2133163
-0.20916216
-0.0071446197
-0.37187323
-0.018936748
-0.21224746
-0.018055078
-0.18655796
-0.044323385
-0.065263435
-0.011428324
-0.008119382
-0.21494414
-0.06506031
-0.04975916
-0.1808605
-0.11777741
-0.0071106283
-0.097739086
-0.15289883
-0.08512902
-0.16475953
-0.18369849
-0.14833294
-0.0061989115
-0.24239811
-0.005932091
-0.05191519
-0.06028033
-0.068748884
-0.006346198
-0.14675821
-0.17169304
-0.10597432
-0.005049644
-0.03390867
-0.13984764
-0.09947987
-0.05540383
-0.085598044
-0.07854249
-0.042839
-0.13614963
-0.3316175
-0.041736726
-0.1565335
-0.025441319
-0.31061402
-0.014758075
-0.061657682
-0.18159096
-0.007974128
-0.04141712
-0.1798323
-0.06083874
-0.12964037
-0.19884238
-0.07549374
-0.21139233
-0.30162525
-0.0056717442
-0.27387354
-0.25259107
-0.2510457
-0.2843583
-0.27942562
-0.15959637
-0.34473017
-0.2705364
-0.0061338134
-0.3722803
-0.22667369
-0.07665207
-0.0065329117
-0.008981179
-0.1695018
-0.011229788
-0.181938
-0.17189892
-0.0055431775
-0.0053043137
-0.13840608
-0.0975299
-0.07819564
-0.23715007
-0.06740051
-0.15881577
-0.16547278
-0.15093325
-0.027378274
-0.00794074
-0.1409882
-0.08459898
-0.13896687
-0.00802873
-0.030330991
-0.1376878
-0.07980311
-0.04734274
-0.15323596
-0.29159552
-0.009183381
-0.1397522
-0.0075332276
-0.010904532
-0.08697521
-0.1438014
-0.05942543
-0.14117645
-0.017038453
-0.008071861
-0.15308662
-0.012496506
-0.028853506
-0.22508217
-0.24205008
-0.18182768
-0.011588538
-0.12513772
-0.025550984
-0.013950816
-0.0060796035
-0.0077369227
-0.006157536
-0.006990345
-0.008737489
-0.09685709
-0.0054180073
-0.07958101
-0.16430393
-0.019790525
-0.016530044
-0.023016438
-0.005534147
-0.007171618
-0.0067151543
-0.16398905
-0.08674197
-0.09411792
-0.42237163
-0.13125387
-0.03282504
-0.008620165
-0.035017237
-0.044568826
-0.11835597
-0.20134391
-0.026723504
-0.20650092
-0.3008265
-0.08081722
-0.23016675
-0.2610538
-0.23504142
-0.023765434
-0.18143733
-0.00608802
-0.0061944528
-0.18526824
-0.030746173
-0.14592901
-0.009069921
-0.0068912976
-0.1041223
-0.31620196
-0.094875745
-0.118680075
-0.060143296
-0.16822097
-0.23360659
-0.09929839
-0.051562753
-0.0063428264
-0.08308777
-0.23196281
-0.14557269
-0.20107402
-0.007398386
-0.09842605
-0.096822314
-0.08787372
-0.005609145
-0.006397027
-0.009166426
-0.017243287
-0.0051772096
-0.06244209
-0.11604699
-0.1009627
-0.14099865
-0.0060652397
-0.17067389
-0.005999502
-0.2698719
-0.004383586
-0.17567062
-0.13402024
-0.16951288
-0.32022476
-0.29072443
-0.018769914
-0.0062285257
-0.0111941835
-0.16971338
-0.055651803
-0.22149843
-0.0683175
-0.0047220746
-0.08566075
-0.2752772
-0.0471608
-0.11234791
-0.05904599
-0.15590248
-0.02478725
-0.16188444
-0.27119586
-0.016233165
-0.033527505
-0.0070228614
-0.17374669
-0.020300006
-0.011000896
-0.3209361
-0.02048448
-0.15511322
-0.1432177
-0.006043475
-0.006086418
-0.12206275
-0.13677427
-0.0066717626
-0.006956429
-0.009807852
-0.09374639
-0.0067241034
-0.116668254
-0.0050190594
-0.059311133
-0.00495433
-0.09481738
-0.15052019
-0.13418892
-0.14374891
-0.13639902
-0.15701006
-0.009058694
-0.09607647
-0.0053105885
-0.1908369
-0.13336816
-0.0069746245
-0.13975175
-0.22204179
-0.095765054
-0.11412708
-0.02210511
-0.005349472
-0.006361651
-0.13617167
-0.08229415
-0.3848291
-0.106310874
-0.010998931
-0.05714051
-0.011611463
-0.0057001347
-0.06668663
-0.09733822
-0.12753947
-0.008408824
-0.060189415
-0.11102447
-0.004462319
-0.005993565
-0.10624133
-0.11330163
-0.06021834
-0.011917423
-0.007171618
-0.006054732
-0.04785593
-0.20778064
-0.1912893
-0.008786568
-0.0068534724
-0.29245824
-0.2858237
-0.19572227
-0.08904597
-0.113201454
-0.015226155
-0.048240915
-0.08720924
-0.15347576
-0.22721499
-0.04416518
-0.14169309
-0.28571895
-0.20644173
-0.17181946
-0.10133073
-0.2413086
-0.056730498
-0.1268108
-0.0043720445
-0.23269504
-0.04665476
-0.005530171
-0.005383673
-0.1875438
-0.17211194
-0.09085053
-0.06603315
-0.18906385
-0.07383843
-0.11938896
-0.018526388
-0.13547023
-0.051430177
-0.062093277
-0.009624026
-0.06603315
-0.16158023
-0.1752836
-0.24122329
-0.09559531
-0.19581716
-0.013571569
-0.019699188
-0.06915977
-0.01757858
-0.10606753
-0.21288039
-0.010864167
-0.005443319
-0.014843773
-0.012777568
-0.104053475
-0.22135217
-0.09870831
-0.17114475
-0.2917815
-0.033627883
-0.13930747
-0.19093597
-0.071439356
-0.084260784
-0.0056501
-0.051164415
-0.0651655
-0.11377297
-0.017046822
-0.08502413
-0.10731612
-0.21728638
-0.023664534
-0.0051547694
-0.23588333
-0.08288808
-0.14309582
-0.005227041
-0.16221099
-0.08384943
-0.009234714
-0.15582307
-0.18500416
-0.0059996014
-0.022580603
-0.005220892
-0.26259074
-0.008851619
-0.006626083
-0.04581123
-0.11233251
-0.032287683
-0.0125612365
-0.09920023
-0.0057026916
-0.19243611
-0.06402886
-0.0061226967
-0.14594615
-0.071179695
-0.06681789
-0.085914455
-0.06947054
-0.039539997
-0.21894212
-0.19650376
-0.22077991
-0.005754861
-0.0066292346
-0.0066719702
-0.12510455
-0.014998229
-0.1351676
-0.20494594
-0.101864
-0.24220566
-0.11319165
-0.22190028
-0.051525626
-0.33993906
-0.12697007
-0.10205659
-0.08437508
-0.09775927
-0.03894808
-0.06296877
-0.022380764
-0.07195334
-0.07882025
-0.010062667
-0.014993291
-0.004918623
-0.006701912
-0.09551496
-0.04250508
-0.095322296
-0.06269015
-0.035865232
-0.15214415
-0.006685068
-0.19840579
-0.028631913
-0.18103758
-0.03034418
-0.0059726983
-0.12790023
-0.09900785
-0.15350139
-0.20332931
-0.019047782
-0.0042342916
-0.11216415
-0.004884844
-0.23850562
-0.007680168
-0.12818967
-0.008108008
-0.13183893
-0.19513269
-0.0056110863
-0.098433584
-0.13256364
-0.025737604
-0.13645197
-0.011194962
-0.21829335
-0.0946694
-0.023791613
-0.055524144
-0.25612336
-0.055524144
-0.121484235
-0.12777522
-0.059942
-0.10345127
-0.113116376
-0.02812039
-0.062360637
-0.10943805
-0.27461275
-0.11037871
-0.17685677
-0.17092778
-0.058256015
-0.13896863
-0.0061570527
-0.14258493
-0.031122511
-0.050019372
-0.021419516
-0.15311286
-0.1516731
-0.06482817
-0.05141105
-0.021127284
-0.061679
-0.006211969
-0.0054540853
-0.118991114
-0.11311546
-0.14488603
-0.034958236
-0.2864383
-0.15677859
-0.25235677
-0.007422335
-0.0047551226
-0.142131
-0.1559345
-0.09115339
-0.03132664
-0.04027966
-0.12615648
-0.16362433
-0.061218858
-0.015637968
-0.19388773
-0.052756105
-0.0053331633
-0.12726071
-0.12589546
-0.06136747
-0.0696995
-0.0057521695
-0.16180865
-0.0072799795
-0.11777112
-0.15893415
-0.044812523
-0.09767301
-0.0070437905
-0.040193573
-0.07305383
-0.049423035
-0.08424316
-0.0821643
-0.011725768
-0.13730362
-0.015044468
-0.10571297
-0.20342058
-0.066368446
-0.005411251
-0.1833664
-0.24348497
-0.06535913
-0.06767111
-0.16154572
-0.24578977
-0.049376585
-0.0047170226
-0.095605396
-0.0074236793
-0.12855938
-0.0059923637
-0.004572765
-0.005597033
-0.041593164
-0.004654812
-0.006854225
-0.10911445
-0.087904155
-0.04827889
-0.0054993834
-0.011960102
-0.17602126
-0.17297518
-0.0065953615
-0.005543379
-0.099913724
-0.059644848
-0.112542465
-0.0057239463
-0.19287166
-0.016341638
-0.23950589
-0.0067855655
-0.12709433
-0.014500131
-0.07395238
-0.02144589
-0.17892209
-0.07137685
-0.0059372867
-0.0811471
-0.21314155
-0.055849243
-0.108511455
-0.15510753
-0.07963242
-0.016472476
-0.015746305
-0.0057388158
-0.0052394606
-0.19339766
-0.053953025
-0.007359441
-0.20315646
-0.012635795
-0.103565134
-0.00698323
-0.011458689
-0.0056848293
-0.00569709
-0.009608175
-0.1442549
-0.009292644
-0.121682085
-0.105170555
-0.08474298
-0.0044500986
-0.118789494
-0.012115802
-0.00462053
-0.11143096
-0.0055779675
-0.19332221
-0.2534322
-0.07038444
-0.0065827253
-0.004227926
-0.034604173
-0.20898001
-0.048322316
-0.049947005
-0.024101606
-0.0046826345
-0.061073296
-0.021501103
-0.006680607
-0.065404356
-0.05924555
-0.1560059
-0.17489544
-0.025238052
-0.17619048
-0.004760085
-0.014289711
-0.032456946
-0.07801542
-0.4269772
-0.11721594
-0.12853059
-0.13127388
-0.08971063
-0.00585693
-0.0048569967
-0.14298087
-0.12742355
-0.30773035
-0.23839349
-0.054023556
-0.017752113
-0.021198848
-0.010988681
-0.12803361
-0.24857493
-0.0049603963
-0.0049423417
-0.14035209
-0.207868
-0.12991808
-0.06435347
-0.11103971
-0.18297966
-0.28270248
-0.012541717
-0.0061464566
-0.15264532
-0.14699763
-0.16940425
-0.081163235
-0.21536197
-0.14503807
-0.0056031137
-0.004458584
-0.1308277
-0.1275341
-0.007598413
-0.16945691
-0.0045536766
-0.10129498
-0.27098694
-0.17992266
-0.14831665
-0.005413538
-0.22677115
-0.08538723
-0.004948508
-0.09268307
-0.0054874253
-0.006206402
-0.006871103
-0.0068439594
-0.007598892
-0.0075579034
-0.08525381
-0.011889796
-0.011415122
-0.0053421035
-0.0064487914
-0.004871016
-0.12324057
-0.11309767
-0.007381348
-0.00638395
-0.14920083
-0.11536286
-0.06289047
-0.12975736
-0.024303831
-0.005841526
-0.2324155
-0.15283905
-0.10736979
-0.011660547
-0.21224914
-0.14692156
-0.020691613
-0.009560916
-0.019887617
-0.21996133
-0.21982749
-0.070920736
-0.009767276
-0.005267771
-0.17238398
-0.03161681
-0.06332557
-0.078165196
-0.15441449
-0.1011069
-0.0073263296
-0.1503624
-0.17359892
-0.0050925715
-0.01364993
-0.17612936
-0.03773792
-0.007683434
-0.053869337
-0.02195907
-0.18972367
-0.18742643
-0.103841394
-0.0057036965
-0.004744849
-0.10365939
-0.0059502237
-0.17589867
-0.31124064
-0.021616662
-0.006808535
-0.2671195
-0.19088359
-0.05894739
-0.007552291
-0.0065516373
-0.007926645
-0.08785719
-0.005103192
-0.008221022
-0.16829269
-0.31369337
-0.1521645
-0.0979911
-0.20300706
-0.0049659954
-0.005026804
-0.24111553
-0.0055775447
-0.107963234
-0.0057257116
-0.022431834
-0.21478513
-0.09495299
-0.005816751
-0.0049924846
-0.19817272
-0.09070051
-0.13776144
-0.11369835
-0.14316796
-0.20280798
-0.15760547
-0.19625461
-0.23958436
-0.12185546
-0.06445866
-0.058401145
-0.08876979
-0.32943833
-0.0073976107
-0.18837212
-0.005323637
-0.15422717
-0.11504495
-0.005317722
-0.14300175
-0.0043050284
-0.19060284
-0.0976325
-0.015951676
-0.088064425
-0.004826889
-0.08548415
-0.004957959
-0.16438426
-0.22015977
-0.0071470565
-0.26130703
-0.31038576
-0.0070157773
-0.0662952
-0.008303447
-0.055660184
-0.015020543
-0.14210193
-0.0868949
-0.17480655
-0.0063886885
-0.009004291
-0.1389317
-0.19386761
-0.009254294
-0.07770967
-0.14091033
-0.017387385
-0.0049130768
-0.15111837
-0.005471705
-0.03729749
-0.006936159
-0.007899356
-0.005919162
-0.008894414
-0.1444537
-0.022404518
-0.011145426
-0.004379873
-0.08264685
-0.21828677
-0.008225553
-0.00901274
-0.0073658205
-0.0054783365
-0.2898391
-0.08490495
-0.06926534
-0.035187922
-0.079976745
-0.0054863254
-0.0058980216
-0.23286374
-0.23525387
-0.19788516
-0.1046863
-0.15683937
-0.0058179274
-0.041803904
-0.006108316
-0.09641611
-0.029602246
-0.0046582585
-0.015363238
-0.028437028
-0.08223604
-0.008302688
-0.10039149
-0.0046646595
-0.028550588
-0.0048133614
-0.011765278
-0.11373436
-0.15907687
-0.0054402626
-0.15874045
-0.004930201
-0.009850047
-0.03399474
-0.004704433
-0.15969527
-0.010784631
-0.007061431
-0.013119933
-0.009680694
-0.06225762
-0.2255534
-0.0057828496
-0.006592089
-0.16375679
-0.1358026
-0.16506447
-0.29712242
-0.027763676
-0.0050560758
-0.23405965
-0.015097102
-0.1436671
-0.16730964
-0.14141859
-0.0852839
-0.02825602
-0.0116496235
-0.007070052
-0.006906724
-0.009536316
-0.106381275
-0.0077885077
-0.15151012
-0.19108178
-0.0058807866
-0.009598706
-0.11731202
-0.17940363
-0.21390155
-0.06466864
-0.05249919
-0.0073263296
-0.006169407
-0.012910423
-0.016166415
-0.110458836
-0.3963596
-0.007945913
-0.028962778
-0.07805635
-0.12872313
-0.008643838
-0.036111828
-0.12618394
-0.0067351116
-0.018625911
-0.012633532
-0.24270314
-0.22946194
-0.14251967
-0.27511677
-0.15334314
-0.021475129
-0.0054579005
-0.1884672
-0.09178383
-0.1720558
-0.0045141536
-0.30393472
-0.0410134
-0.14977367
-0.117946476
-0.026190434
-0.0068010646
-0.13906878
-0.06807315
-0.07430028
-0.0044167135
-0.061883353
-0.17461091
-0.093255654
-0.009042782
-0.06171769
-0.0045792484
-0.0061909202
-0.14448556
-0.010860397
-0.15768133
-0.0055084764
-0.0049553886
-0.0046826345
-0.12528221
-0.06568566
-0.03545284
-0.022001034
-0.15358287
-0.1382043
-0.0066646286
-0.13971965
-0.11503586
-0.32526484
-0.005527963
-0.0058022947
-0.16133063
-0.095408
-0.20201191
-0.005188127
-0.07793487
-0.18584411
-0.074602395
-0.005015539
-0.18953004
-0.24124074
-0.0045371163
-0.22072257
-0.06577359
-0.08144192
-0.018947303
-0.08922703
-0.029981779
-0.06108591
-0.17659478
-0.24250527
-0.06601924
-0.034122624
-0.004740604
-0.009292644
-0.087167144
-0.29592007
-0.0061410824
-0.007464034
-0.005323792
-0.19865403
-0.19457392
-0.17753246
-0.006175387
-0.112691306
-0.009292644
-0.16739558
-0.004605741
-0.22092517
-0.20540091
-0.17522453
-0.05829158
-0.09707739
-0.040247325
-0.040647294
-0.13681032
-0.21808437
-0.023884822
-0.028682666
-0.09709814
-0.0071282396
-0.21711853
-0.13348095
-0.009098091
-0.12435862
-0.09888502
-0.26824403
-0.06265697
-0.019744497
-0.0050666803
-0.0055136434
-0.16410698
-0.07963863
-0.013802254
-0.26062548
-0.0045443866
-0.15453027
-0.05251284
-0.20107716
-0.006487907
-0.10153245
-0.23045015
-0.015816288
-0.2756796
-0.2195491
-0.0046086777
-0.0065542045
-0.2615734
-0.1342269
-0.0060805287
-0.1303908
-0.06542667
-0.051983833
-0.0058859996
-0.0045685247
-0.044208985
-0.09812286
-0.32122782
-0.0056363745
-0.011293096
-0.040994596
-0.25479755
-0.13401099
-0.044677198
-0.122770116
-0.009037989
-0.085024916
-0.22764789
-0.05752837
-0.09129711
-0.33921918
-0.0063412753
-0.020471802
-0.029236574
-0.14197408
-0.2607918
-0.1702768
-0.02529994
-0.27151874
-0.20433341
-0.08735193
-0.006062779
-0.0047833086
-0.11191046
-0.02118699
-0.10535223
-0.018965108
-0.02127681
-0.0051597226
-0.15295972
-0.20131911
-0.20182589
-0.0059996014
-0.011688376
-0.062194694
-0.031338774
-0.19371842
-0.15011664
-0.14220405
-0.006731978
-0.004594674
-0.015119216
-0.009802639
-0.08688797
-0.109817676
-0.005480757
-0.005588884
-0.07077309
-0.009467894
-0.024189008
-0.004279514
-0.0514789
-0.10505848
-0.006753309
-0.0065286243
-0.010365508
-0.20026784
-0.005527054
-0.20876175
-0.11991976
-0.2559983
-0.0055714725
-0.08962948
-0.17038162
-0.029213421
-0.1460569
-0.018704616
-0.0058611305
-0.0048542665
-0.03212038
-0.1672286
-0.32846516
-0.1920112
-0.2619102
-0.05271312
-0.044452965
-0.0063065854
-0.036356516
-0.20842098
-0.006558433
-0.008981179
-0.006529756
-0.21074079
-0.005590453
-0.012104939
-0.0065735877
-0.06341682
-0.1122075
-0.18493342
-0.25733626
-0.07491743
-0.2562852
-0.13818419
-0.11054798
-0.069146715
-0.11905669
-0.13180798
-0.007527059
-0.0045246705
-0.0046826345
-0.06716023
-0.10514824
-0.045911495
-0.005386012
-0.1399738
-0.008112527
-0.0050982623
-0.014621802
-0.0057378705
-0.005234931
-0.041054454
-0.12678613
-0.0055984184
-0.09380717
-0.0062324763
-0.0044962675
-0.14519504
-0.0674076
-0.17797233
-0.2089082
-0.08344711
-0.007614898
-0.010073124
-0.0070610098
-0.10461749
-0.24344137
-0.039352044
-0.006537417
-0.028245015
-0.0057059643
-0.12775105
-0.06700872
-0.0058873487
-0.008283812
-0.0052119303
-0.08853724
-0.00530134
-0.22048183
-0.04928155
-0.100169875
-0.20971748
-0.008253182
-0.11126224
-0.029182553
-0.15620546
-0.12520601
-0.1619142
-0.15025607
-0.15385015
-0.22696263
-0.006944744
-0.1441192
-0.08678244
-0.052193552
-0.14751998
-0.12808262
-0.04471768
-0.10570173
-0.1876873
-0.24993663
-0.09740844
-0.2645823
-0.25292444
-0.0059996014
-0.004681742
-0.092295535
-0.0900447
-0.016583743
-0.13221587
-0.12759878
-0.027659575
-0.012118118
-0.0120753255
-0.008302688
-0.121900134
-0.25480697
-0.078110546
-0.039199416
-0.15197387
-0.0066909995
-0.034725733
-0.05499929
-0.12352626
-0.13365556
-0.25069702
-0.1321062
-0.10719919
-0.28435817
-0.20620582
-0.017571375
-0.033542752
-0.0057639633
-0.12109402
-0.14183205
-0.006054095
-0.2145586
-0.0050070286
-0.17286785
-0.0067763356
-0.121063754
-0.007023313
-0.004628004
-0.0061978525
-0.052057482
-0.31633013
-0.10536022
-0.0057573407
-0.084499314
-0.16168875
-0.004393593
-0.07014781
-0.0058981045
-0.0965579
-0.18910196
-0.0044438033
-0.013679224
-0.013771758
-0.068786696
-0.16518132
-0.0044495147
-0.13707308
-0.1324414
-0.17563087
-0.21995062
-0.039650235
-0.1606176
-0.006031757
-0.11147233
-0.33159035
-0.13247766
-0.19094075
-0.0055744736
-0.007366428
-0.006824935
-0.014841945
-0.10592977
-0.06253765
-0.21187425
-0.06550526
-0.005050584
-0.11581813
-0.017683899
-0.19261849
-0.009803243
-0.052366436
-0.15376942
-0.08287285
-0.012844418
-0.008865871
-0.020231681
-0.121463165
-0.008302688
-0.27509114
-0.07615938
-0.13297601
-0.00816051
-0.007374679
-0.0048821196
-0.20701198
-0.30018216
-0.0057873772
-0.051143527
-0.035805244
-0.056356
-0.014252238
-0.0049438938
-0.008215304
-0.014025217
-0.086535946
-0.07704971
-0.24404185
-0.006090409
-0.0054591196
-0.09870831
-0.17114475
-0.2917815
-0.0053979536
-0.042850114
-0.13930747
-0.19093597
-0.071439356
-0.084260784
-0.023204435
-0.005716294
-0.008795294
-0.13776432
-0.0072244126
-0.0054180473
-0.12593277
-0.15424182
-0.23135653
-0.21361925
-0.31355926
-0.23346193
-0.004864809
-0.015243862
-0.017117977
-0.056653168
-0.118836634
-0.048516884
-0.3337526
-0.05403679
-0.16658185
-0.1349093
-0.004518457
-0.007171618
-0.0064281435
-0.2548395
-0.12857951
-0.18303995
-0.17635024
-0.14486349
-0.013250784
-0.1074681
-0.009697065
-0.14415774
-0.17196688
-0.3246557
-0.18303818
-0.19764692
-0.056949317
-0.09502077
-0.06422296
-0.0056819245
-0.04631307
-0.047685742
-0.108651586
-0.13238913
-0.20436521
-0.007005875
-0.14551295
-0.0061011375
-0.09491382
-0.12627698
-0.047599547
-0.16577776
-0.14004189
-0.108041346
-0.10176707
-0.07729213
-0.008453351
-0.0046179504
-0.019854646
-0.047418065
-0.020056114
-0.045312744
-0.009291614
-0.14508557
-0.29624414
-0.0048996424
-0.0065802014
-0.018868057
-0.13333276
-0.17482606
-0.025875563
-0.016979674
-0.1365942
-0.17946608
-0.0044824155
-0.10837625
-0.060887814
-0.07326344
-0.27889553
-0.063775115
-0.0073750736
-0.005744445
-0.109061375
-0.04153331
-0.07631141
-0.10704852
-0.040162727
-0.0046757553
-0.10755841
-0.024199486
-0.19173339
-0.008287077
-0.013289232
-0.15206847
-0.14133948
-0.11993584
-0.0065249917
-0.008468291
-0.2284483
-0.02452947
-0.009292644
-0.1029818
-0.115990765
-0.097588845
-0.050510347
-0.013607259
-0.0057273237
-0.0060127242
-0.0059677567
-0.038554102
-0.22857194
-0.10381661
-0.06103751
-0.005734509
-0.13216257
-0.10286707
-0.1751873
-0.13636917
-0.00540395
-0.18814974
-0.004574103
-0.08843684
-0.019274773
-0.0054260287
-0.018879233
-0.16953504
-0.017808968
-0.011244559
-0.11999457
-0.015429425
-0.0064669163
-0.09528812
-0.10921858
-0.0054863966
-0.15988849
-0.30329093
-0.21693745
-0.0154119665
-0.0072281486
-0.048475355
-0.1453474
-0.07120764
-0.004620615
-0.05877593
-0.14253289
-0.006465448
-0.0055292957
-0.1393595
-0.005298
-0.19448666
-0.0077004433
-0.01480477
-0.004771496
-0.08957159
-0.25087744
-0.13499178
-0.006361184
-0.20858973
-0.025858631
-0.21646553
-0.0047813887
-0.12755162
-0.15190472
-0.0056635416
-0.016089939
-0.122835726
-0.0058047394
-0.0055090156
-0.040706333
-0.11913886
-0.072534755
-0.18170895
-0.16714714
-0.1187217
-0.008215304
-0.14571218
-0.006262931
-0.12920529
-0.36866298
-0.13579507
-0.058497608
-0.0910105
-0.073963106
-0.0071452684
-0.07190425
-0.27337962
-0.09866688
-0.11933147
-0.122126795
-0.04540706
-0.004265963
-0.009278553
-0.0061118947
-0.16445974
-0.19131638
-0.080631636
-0.02165989
-0.11668395
-0.004356575
-0.006096297
-0.17373964
-0.025058633
-0.021375151
-0.042650074
-0.0045246384
-0.13277455
-0.006169407
-0.004726012
-0.09779384
-0.1868383
-0.0059996014
-0.014189196
-0.005300127
-0.0964906
-0.073717356
-0.15783238
-0.007878016
-0.0053735757
-0.014110299
-0.10702307
-0.118923396
-0.0064482917
-0.11167471
-0.09026714
-0.0049030045
-0.090595044
-0.2428071
-0.11839424
-0.23748925
-0.024147276
-0.011108894
-0.078148566
-0.12619081
-0.16192506
-0.24603535
-0.006572384
-0.0049251555
-0.21778756
-0.1261377
-0.19256335
-0.18033415
-0.006537827
-0.13902901
-0.0068410453
-0.013960785
-0.01488368
-0.10621197
-0.096828796
-0.14152116
-0.15644494
-0.16550079
-0.0077441284
-0.09488312
-0.0073307543
-0.0045112413
-0.0051227934
-0.05634251
-0.12860991
-0.12528312
-0.0048075733
-0.2484677
-0.19309989
-0.021792758
-0.14667612
-0.042958032
-0.3217664
-0.26601362
-0.021724923
-0.0053897323
-0.066437356
-0.077916525
-0.12999542
-0.21154048
-0.0045951307
-0.0046826345
-0.08637211
-0.011578099
-0.07246098
-0.0045526573
-0.0055952533
-0.0057657175
-0.2844893
-0.15805745
-0.005353258
-0.018212378
-0.14629477
-0.20042661
-0.23729154
-0.006318594
-0.09062076
-0.008317186
-0.21037056
-0.05174161
-0.09813998
-0.013826551
-0.11987989
-0.0052428846
-0.08999372
-0.22620216
-0.01917814
-0.06620258
-0.15934041
-0.0077124806
-0.18232785
-0.06776443
-0.004681131
-0.22503039
-0.11154662
-0.21215615
-0.0049515134
-0.017052442
-0.14580815
-0.024594
-0.008673735
-0.008216778
-0.1553191
-0.15398647
-0.039722186
-0.114707544
-0.2229524
-0.0053266636
-0.0062938696
-0.0055064107
-0.24155924
-0.015562939
-0.14183134
-0.008268496
-0.10273933
-0.12062799
-0.004452023
-0.22724842
-0.032287158
-0.09773102
-0.21656655
-0.011821334
-0.0057920045
-0.0045975703
-0.108822875
-0.15007596
-0.0072799795
-0.1289065
-0.20004782
-0.026605217
-0.20487559
-0.017238177
-0.007171618
-0.0064281435
-0.115651794
-0.120219566
-0.13647464
-0.09945631
-0.00549752
-0.008885512
-0.1434555
-0.0975299
-0.07819564
-0.23715007
-0.06740051
-0.15881577
-0.16547278
-0.15097998
-0.027378274
-0.012101471
-0.14787753
-0.081505194
-0.02392806
-0.30248955
-0.00872644
-0.20656236
-0.11328048
-0.20234096
-0.19860387
-0.0062697
-0.004589831
-0.006023299
-0.15850155
-0.19530697
-0.087267466
-0.1119977
-0.13887013
-0.15512495
-0.06696898
-0.25180018
-0.004799094
-0.010894437
-0.06425447
-0.1489533
-0.0072799795
-0.11470342
-0.08766962
-0.18154365
-0.008774834
-0.0062953085
-0.0048208106
-0.21658145
-0.0067019137
-0.0061676474
-0.15598914
-0.06553887
-0.21308368
-0.14763099
-0.0048114895
-0.16699165
-0.17293558
-0.0068203625
-0.14293094
-0.010319255
-0.005875683
-0.1554215
-0.12436779
-0.0393747
-0.077416316
-0.024630917
-0.07041073
-0.008293903
-0.24767336
-0.112125725
-0.0069096237
-0.102618776
-0.005480757
-0.005588884
-0.009443023
-0.006929797
-0.031172076
-0.004828844
-0.0062860167
-0.27773938
-0.0059996014
-0.028091153
-0.0055393474
-0.11331063
-0.08096758
-0.0068385154
-0.114186294
-0.1765325
-0.2632976
-0.22095026
-0.11223371
-0.20562902
-0.011173306
-0.0044857943
-0.08351586
-0.14627936
-0.05841209
-0.0048010843
-0.10786035
-0.119853206
-0.09993689
-0.2253626
-0.09169568
-0.06278088
-0.06562125
-0.006062077
-0.011126573
-0.1189741
-0.13751458
-0.13946743
-0.020166498
-0.0053054704
-0.004630176
-0.1446189
-0.18153341
-0.06422919
-0.23497309
-0.19222362
-0.005326439
-0.16126724
-0.039162483
-0.10935064
-0.22453953
-0.2539244
-0.014657751
-0.0046860706
-0.061490387
-0.005115451
-0.11690808
-0.08259708
-0.009173839
-0.097952545
-0.0069850073
-0.009390093
-0.009413812
-0.046082698
-0.2103868
-0.01660856
-0.052054673
-0.009362703
-0.0046761474
-0.250722
-0.11995083
-0.11527672
-0.0066821245
-0.018705674
-0.0046826345
-0.008392068
-0.12832382
-0.010269616
-0.13986965
-0.18133426
-0.2216532
-0.11430252
-0.01096197
-0.28572792
-0.27865762
-0.07437069
-0.060853727
-0.093885794
-0.1321125
-0.0071020084
-0.0054727574
-0.0043937615
-0.10631026
-0.060477916
-0.18874522
-0.022473639
-0.0059674
-0.005657979
-0.042958535
-0.11159038
-0.1843485
-0.064741105
-0.19431801
-0.0053520203
-0.007847264
-0.1203474
-0.036603685
-0.005361591
-0.0057883984
-0.006868831
-0.19516927
-0.06915389
-0.058518987
-0.005924507
-0.22614886
-0.0057065287
-0.20290194
-0.005846063
-0.007171618
-0.23769578
-0.16699922
-0.1899732
-0.0059336675
-0.01615661
-0.21582869
-0.11947748
-0.004112682
-0.044206202
-0.12012308
-0.25598553
-0.0072120163
-0.058085065
-0.16022876
-0.03676086
-0.01666215
-0.0538951
-0.15607896
-0.10094289
-0.15768966
-0.0057384213
-0.017554477
-0.013447369
-0.17580202
-0.0053199595
-0.12842502
-0.010967572
-0.00538257
-0.09842541
-0.1002992
-0.08599963
-0.08114174
-0.0060759797
-0.0046103755
-0.02100109
-0.010266567
-0.2625668
-0.1568007
-0.14777562
-0.005448602
-0.07281103
-0.07292806
-0.09981862
-0.2657091
-0.09604145
-0.1519463
-0.1409174
-0.12196199
-0.061979044
-0.14373854
-0.005671864
-0.27209836
-0.24357025
-0.14073467
-0.007992493
-0.014031144
-0.13718036
-0.0074102147
-0.047055263
-0.0046852822
-0.1337119
-0.23909879
-0.14203535
-0.19256932
-0.08349453
-0.1787612
-0.00691323
-0.012749813
-0.20507422
-0.059473835
-0.5404262
-0.18663524
-0.008649257
-0.1480648
-0.0073711174
-0.0051873387
-0.021699013
-0.0680855
-0.0068385154
-0.005260403
-0.006174409
-0.0053251553
-0.011395284
-0.16379063
-0.107995436
-0.27505633
-0.16838944
-0.005514812
-0.004728885
-0.005747783
-0.031000603
-0.109544694
-0.07365841
-0.040826418
-0.10644299
-0.045924287
-0.011019066
-0.19837995
-0.03423976
-0.0671795
-0.014586506
-0.11534096
-0.2248098
-0.15135159
-0.05068674
-0.06262388
-0.05740228
-0.012846064
-0.011654951
-0.018217703
-0.006392951
-0.0044585615
-0.08559687
-0.098529704
-0.12007012
-0.05132557
-0.13768469
-0.3000031
-0.0828439
-0.0044725896
-0.15592428
-0.037923485
-0.013504812
-0.13668531
-0.0061455686
-0.15191258
-0.007356355
-0.011414117
-0.14519729
-0.020745387
-0.004568198
-0.10206106
-0.08300786
-0.22904108
-0.0093128905
-0.011718725
-0.01684556
-0.02578847
-0.26701868
-0.03723543
-0.0046100207
-0.033746995
-0.109544694
-0.07943057
-0.032947615
-0.104932114
-0.027089108
-0.011284711
-0.16467828
-0.061649907
-0.098797
-0.14131075
-0.049751665
-0.005174343
-0.016899444
-0.0693057
-0.004527122
-0.0664714
-0.07737576
-0.07475966
-0.030150073
-0.09172924
-0.008567602
-0.012240571
-0.10184027
-0.042168405
-0.004907932
-0.079018354
-0.04552293
-0.1041032
-0.21864396
-0.005890205
-0.01042234
-0.029877352
-0.009352284
-0.09960019
-0.26445138
-0.0056545953
-0.004455681
-0.031045329
-0.10317769
-0.07365841
-0.036499634
-0.10644299
-0.008567602
-0.027537106
-0.2727185
-0.0048504206
-0.0126637975
-0.13668531
-0.0061455686
-0.15191258
-0.007356355
-0.014168322
-0.10987811
-0.25373697
-0.055463295
-0.004511208
-0.16548613
-0.021138253
-0.004762536
-0.004335333
-0.13732359
-0.079018354
-0.04552293
-0.1041032
-0.21864396
-0.005890205
-0.01066841
-0.029877352
-0.014829816
-0.021774344
-0.005557504
-0.004455681
-0.0052145654
-0.22807088
-0.25887045
-0.17202987
-0.057077106
-0.0046570557
-0.005617684
-0.06647206
-0.022254046
-0.023420824
-0.040832344
-0.007045313
-0.083858795
-0.007262371
-0.035026923
-0.022798793
-0.0050723883
-0.010632558
-0.0062792553
-0.20446832
-0.0059382264
-0.008992255
-0.13229693
-0.0076271533
-0.22814345
-0.06296354
-0.07582162
-0.014713353
-0.009803769
-0.23585667
-0.0047203577
-0.16025804
-0.08105392
-0.19963294
-0.18042298
-0.30235967
-0.004714504
-0.035724718
-0.04707334
-0.20360105
-0.11497435
-0.0045301453
-0.18836652
-0.029968154
-0.13008025
-0.025539616
-0.0073091523
-0.021197598
-0.10091135
-0.010221825
-0.01166591
-0.113712266
-0.09837659
-0.0055519277
-0.02760157
-0.18871136
-0.22564091
-0.16597545
-0.004612081
-0.010853458
-0.008591221
-0.07731779
-0.0045354418
-0.07711532
-0.0052572023
-0.1398176
-0.0046440098
-0.09033836
-0.013127744
-0.004480614
-0.031045329
-0.10317769
-0.07365841
-0.036499634
-0.10644299
-0.008567602
-0.14318518
-0.0047223484
-0.079018354
-0.04552293
-0.09965939
-0.23291197
-0.005890205
-0.03373195
-0.15280402
-0.009148068
-0.004350148
-0.031045329
-0.109544694
-0.07365841
-0.040590923
-0.10644299
-0.008567602
-0.08477312
-0.06354742
-0.0048504206
-0.016477842
-0.11770333
-0.11474152
-0.15784852
-0.0052573634
-0.034790076
-0.005594519
-0.1968193
-0.1983406
-0.05259197
-0.0051145963
-0.0064281435
-0.031045329
-0.109544694
-0.07365841
-0.040590923
-0.10644299
-0.008567602
-0.07506788
-0.063443586
-0.0048504206
-0.1298939
-0.17122735
-0.11180725
-0.05827897
-0.062103055
-0.17763424
-0.3028126
-0.05145282
-0.30062184
-0.026208976
-0.004900162
-0.037085816
-0.10317769
-0.07365841
-0.038531218
-0.008567602
-0.02516932
-0.06987408
-0.004907932
-0.027695147
-0.059274737
-0.01852407
-0.17514932
-0.05068674
-0.076907225
-0.009613946
-0.01743371
-0.043221977
-0.0048173377
-0.005617684
-0.06647206
-0.022254046
-0.023420824
-0.040832344
-0.007045313
-0.09014864
-0.008419288
-0.022658408
-0.0069947797
-0.005020414
-0.0044662673
-0.0062792553
-0.07115218
-0.17977655
-0.07000434
-0.004428429
-0.01290398
-0.13668531
-0.0061455686
-0.15191258
-0.007356355
-0.04929999
-0.058168355
-0.0564525
-0.13317825
-0.16955234
-0.004304999
-0.027421698
-0.15258197
-0.23406154
-0.15034378
-0.004433019
-0.021510368
-0.013568051
-0.14499426
-0.006163931
-0.043505743
-0.004258015
-0.037558064
-0.07737576
-0.009495153
-0.08157179
-0.057174042
-0.0053420165
-0.00578651
-0.004641352
-0.006353085
-0.025125882
-0.080097154
-0.11121548
-0.22027287
-0.17200992
-0.2130536
-0.13784052
-0.18674713
-0.005009669
-0.03354464
-0.004880777
-0.03423976
-0.0671795
-0.014578877
-0.17514932
-0.05068674
-0.06262388
-0.06990736
-0.05740228
-0.012846064
-0.011654951
-0.028649021
-0.006392951
-0.004521542
-0.0815416
-0.0052572023
-0.14009584
-0.0058258898
-0.020169828
-0.005883772
-0.0055307895
-0.0043647233
-0.022289768
-0.23785663
-0.10450039
-0.0046456796
-0.006353085
-0.005617684
-0.06647206
-0.022254046
-0.023338595
-0.040515263
-0.006546054
-0.030665122
-0.02714796
-0.016901242
-0.00447377
-0.006585715
-0.0659018
-0.010210837
-0.27901575
-0.20096838
-0.18411444
-0.004571254
-0.005747783
-0.02509264
-0.17028616
-0.04733948
-0.0049198684
-0.052541085
-0.0671795
-0.014578877
-0.17514932
-0.05068674
-0.06262388
-0.006855921
-0.05740228
-0.012846064
-0.011292119
-0.017602444
-0.006392951
-0.004521542
-0.031045329
-0.109544694
-0.07365841
-0.03541471
-0.10644299
-0.008567602
-0.026708085
-0.1345925
-0.0048504206
-0.07737576
-0.009541638
-0.08157179
-0.019882873
-0.004641352
-0.006353085
-0.1505214
-0.030308533
-0.018922143
-0.053322494
-0.0044029467
-0.03834626
-0.0671795
-0.014578877
-0.17514932
-0.05068674
-0.06262388
-0.006855921
-0.05740228
-0.012846064
-0.011292119
-0.019596051
-0.006392951
-0.0048173377
-0.031045329
-0.10317769
-0.07365841
-0.036499634
-0.10644299
-0.008567602
-0.014602065
-0.056481395
-0.0048504206
-0.012386986
-0.007826347
-0.0050615636
-0.004691612
-0.016637987
-0.13974245
-0.3021709
-0.3672912
-0.08550136
-0.23314546
-0.0058251796
-0.0046776114
-0.0057212827
-0.0059721516
-0.018034818
-0.051523603
-0.044990808
-0.0062482874
-0.23039964
-0.010513213
-0.007626935
-0.10206963
-0.00472653
-0.031360373
-0.012069407
-0.040463604
-0.20184623
-0.1662038
-0.010042991
-0.006119199
-0.039084226
-0.004552252
-0.023404855
-0.059274737
-0.01819759
-0.11534096
-0.2248098
-0.108624496
-0.05068674
-0.07038539
-0.01729185
-0.020363133
-0.036998652
-0.0045541525
-0.029414218
-0.009014553
-0.16259305
-0.008234701
-0.004919834
-0.025935495
-0.17804965
-0.0335451
-0.04659116
-0.26528448
-0.28410923
-0.29121506
-0.037364043
-0.004633739
-0.006353085
-0.12853652
-0.03443545
-0.102337465
-0.019646775
-0.1223284
-0.038819626
-0.030668255
-0.07737576
-0.11057606
-0.012004913
-0.13794917
-0.043377485
-0.004641352
-0.006353085
-0.01689617
-0.07021812
-0.028245015
-0.004919834
